h0,372.546,938.000245242678,1
h0,328.904,939.000236097107,1
h0,287.008,940.000239957355,1
h0,246.32,941.000243821634,1
h0,205.719,942.000234686203,1
h0,164.885,943.000238549996,1
h0,124.195,944.000242414269,1
h0,83.9576,945.000246280052,1
h0,44.2102,946.000237147469,1
h0,5.67369,947.000241018925,1
h0,34.6007,948.000245115415,1
h0,73.4225,949.000236244911,1
h0,112.113,950.000240373968,1
h0,150.646,951.000244502501,1
h0,189.063,952.000235630646,1
h0,227.343,953.000239758336,1
h0,265.571,954.000243885849,1
h0,303.74,955.000235013168,1
h0,341.843,956.000239140266,1
h0,379.917,957.000243267266,1
