h0,179.211,929.000291597784,1
h0,186.267,930.000243621319,1
h0,190.929,931.000234636872,1
h0,193.765,932.00023864633,1
h0,196.387,933.000242655078,1
h0,197.461,934.000246658657,1
h0,197.511,935.000237658825,1
h0,198.771,936.00024166303,1
h0,202.916,937.000245676854,1
h0,209.515,938.000236698866,1
h0,216.597,939.000240722491,1
h0,225.13,940.000244750954,1
h0,235.498,941.000235785536,1
h0,245.507,942.000239818924,1
h0,254.587,943.00024384921,1
h0,262.695,944.000234876255,1
h0,269.875,945.000238900205,1
h0,275.886,946.000242920256,1
h0,279.842,947.000246933451,1
h0,282.021,948.000237940722,1
h0,282.608,949.000241942677,1
h0,281.489,950.000245938945,1
h0,278.766,951.000236929863,1
h0,274.452,952.000240915474,1
h0,269.688,953.000244899583,1
h0,265.938,954.000235887073,1
h0,263.085,955.000239877558,1
h0,261.115,956.000243870988,1
h0,259.857,957.000234866791,1
h0,259.299,958.000238864928,1
h0,259.285,959.00024286488,1
h0,259.771,960.000246866503,1
h0,260.652,961.000237869441,1
h0,261.876,962.000241873524,1
h0,263.545,963.000245879092,1
h0,265.343,964.000236885088,1
h0,267.305,965.000240891633,1
h0,268.52,966.000244895686,1
h0,268.586,967.000235895908,1
h0,267.59,968.000239892585,1
h0,267.044,969.000243890763,1
h0,266.96,970.000234890482,1
h0,267.356,971.000238891803,1
h0,268.116,972.000242894339,1
h0,269.276,973.000246898207,1
h0,270.715,974.000237903007,1
h0,272.457,975.000241908818,1
h0,274.268,976.00024591486,1
h0,275.905,977.000236920319,1
h0,277.335,978.00024092509,1
h0,278.456,979.000244928829,1
h0,279.136,980.000235931098,1
h0,279.451,981.000239932149,1
h0,279.374,982.000243931891,1
h0,279.315,983.000234931696,1
h0,279.649,984.000238932809,1
h0,280.415,985.000242935363,1
h0,281.379,986.000246938581,1
h0,282.544,987.000237942466,1
h0,283.844,988.000241946801,1
h0,285.135,989.000245951107,1
h0,286.431,990.00023695543,1
h0,287.576,991.000240959249,1
h0,288.671,992.000244962904,1
h0,289.614,993.000235966048,1
h0,290.404,994.000239968683,1
h0,291.02,995.000243970738,1
h0,291.655,996.000234972855,1
h0,292.397,997.00023897533,1
h0,293.265,998.000242978228,1
h0,294.122,999.000246981086,1
h0,294.946,1000.000237983835,1
h0,296.061,1001.000241987554,1
h0,297.439,1002.000245992149,1
h0,299.037,1003.000236997479,1
h0,300.848,1004.00024100352,1
h0,302.755,1005.000245009883,1
h0,304.773,1006.000236016612,1
h0,306.988,1007.000240024002,1
h0,309.375,1008.000244031964,1
h0,311.646,1009.000235039541,1
h0,313.965,1010.000239047274,1
h0,316.191,1011.000243054701,1
h0,318.414,1012.000247062115,1
h0,320.68,1013.000238069674,1
h0,322.973,1014.000242077321,1
h0,325.128,1015.000246084509,1
h0,327.092,1016.000237091062,1
h0,328.948,1017.000241097253,1
h0,330.99,1018.000245104064,1
h0,333.152,1019.000236111276,1
h0,335.234,1020.000240118221,1
h0,337.098,1021.000244124437,1
h0,338.865,1022.000235130331,1
h0,340.406,1023.000239135471,1
h0,341.774,1024.000243140034,1
h0,342.816,1025.00024714351,1
h0,343.614,1026.000238146174,1
h0,344.206,1027.000242148149,1
h0,344.492,1028.000246149101,1
h0,344.57,1029.000237149361,1
h0,344.451,1030.000241148965,1
h0,344.125,1031.000245147879,1
h0,343.671,1032.000236146363,1
h0,343.133,1033.000240144567,1
h0,342.62,1034.000244142857,1
h0,342.244,1035.000235141602,1
h0,342.203,1036.000239141468,1
h0,342.641,1037.000243142927,1
h0,343.695,1038.000247146442,1
h0,345.003,1039.000238150807,1
h0,346.6,1040.000242156135,1
h0,348.904,1041.000246163819,1
h0,352.323,1042.000237175225,1
h0,356.797,1043.000241190146,1
h0,361.879,1044.000245207098,1
h0,367.373,1045.000236225423,1
h0,373.372,1046.000240245435,1
h0,380.665,1047.000244269762,1
h0,389.559,1048.000235299431,1
