h0,379.308,939.000236265234,1
h0,328.479,940.000240095689,1
h0,277.662,941.000243926182,1
h0,227.774,942.000234759773,1
h0,178.264,943.000238594625,1
h0,127.757,944.000242426151,1
h0,78.4902,945.000246261815,1
h0,30.5663,946.000237101958,1
h0,16.8116,947.000241056077,1
h0,62.4218,948.000245208217,1
h0,107.329,949.000236358011,1
h0,151.378,950.000240504942,1
h0,194.302,951.000244648122,1
h0,236.288,952.000235788172,1
h0,277.394,953.000239925287,1
h0,317.726,954.000244059819,1
h0,357.402,955.000235192164,1
