h0,100.838,901.00029133636,1
h0,105.667,902.000243352469,1
h0,108.176,903.000234360835,1
h0,108.403,904.000238361594,1
h0,106.476,905.000242355167,1
h0,102.553,906.000246342079,1
h0,97.2735,907.000237324469,1
h0,92.6057,908.0002413089,1
h0,88.5313,909.000245295309,1
h0,84.9108,910.000236283232,1
h0,81.3578,911.00024027138,1
h0,76.042,912.000244253649,1
h0,69.1051,913.00023523051,1
h0,62.2783,914.000239207738,1
h0,55.5566,915.000243185317,1
h0,48.3092,916.000234161142,1
h0,40.7109,917.000238135797,1
h0,33.0422,918.000242110217,1
h0,25.3787,919.000246084654,1
h0,17.6377,920.000237058833,1
h0,10.0207,921.000241033425,1
h0,3.60884,922.000245012038,1
h0,6.99523,923.000236023334,1
h0,14.5029,924.000240048376,1
h0,22.3278,925.000244074477,1
h0,30.19,926.000235100703,1
h0,38.0792,927.000239127019,1
h0,46.0312,928.000243153543,1
h0,53.9765,929.000234180046,1
h0,61.8996,930.000238206475,1
h0,69.8256,931.000242232913,1
h0,77.7429,932.000246259323,1
h0,85.8337,933.00023728631,1
h0,95.573,934.000241318797,1
h0,107.248,935.000245357741,1
h0,120.824,936.000236403025,1
h0,136.291,937.000240454618,1
h0,153.737,938.000244512812,1
h0,173.23,939.000235577833,1
h0,194.706,940.000239649468,1
h0,217.412,941.000243725209,1
h0,240.084,942.000234800833,1
h0,261.912,943.000238873644,1
h0,282.559,944.000242942516,1
h0,302.257,945.000247008221,1
h0,321.031,946.000238070843,1
h0,338.978,947.00024213071,1
h0,356.254,948.000246188335,1
h0,372.867,949.000237243752,1
h0,387.808,950.000241293589,1
h0,397.362,963.000241325456,1
h0,392.849,964.000245310402,1
h0,388.975,965.00023629748,1
h0,385.512,966.000240285928,1
h0,382.455,967.000244275731,1
h0,379.727,968.000235266632,1
h0,377.21,969.000239258237,1
h0,374.989,970.000243250829,1
h0,372.99,971.000247244159,1
h0,371.121,972.000238237926,1
h0,369.42,973.000242232253,1
h0,367.838,974.000246226975,1
h0,366.368,975.000237222072,1
h0,365.008,976.000241217535,1
h0,363.723,977.000245213248,1
h0,362.487,978.000236209126,1
h0,361.273,979.000240205078,1
h0,360.214,980.000244201546,1
h0,358.849,981.000235196993,1
h0,356.807,982.00023919018,1
h0,353.866,983.000243180371,1
h0,350.435,984.000247168926,1
h0,346.854,985.000238156981,1
h0,343.18,986.000242144726,1
h0,339.184,987.000246131398,1
h0,334.822,988.000237116845,1
h0,330.076,989.000241101014,1
h0,324.961,990.000245083953,1
h0,319.893,991.000236067049,1
h0,315.754,992.000240053241,1
h0,311.938,993.000244040514,1
h0,307.783,994.000235026654,1
h0,303.509,995.000239012397,1
h0,299.122,996.000242997765,1
h0,294.967,997.000246983904,1
h0,291.121,998.000237971075,1
h0,287.702,999.00024195967,1
h0,284.971,1000.000245950561,1
h0,282.781,1001.000236943256,1
h0,281.118,1002.000240937708,1
h0,280.87,1003.000244936881,1
h0,281.125,1004.000235937731,1
h0,279.939,1005.000239933775,1
h0,278.095,1006.000243927624,1
h0,276.223,1007.000234921381,1
h0,275.219,1008.000238918032,1
h0,275.746,1009.000242919789,1
h0,277.959,1010.000246927172,1
