h0,395.558,952.000236319439,1
h0,367.95,953.00024022735,1
h0,340.738,954.00024413658,1
h0,313.847,955.000235046879,1
h0,287.063,956.000238957539,1
h0,260.175,957.00024286785,1
h0,233.204,958.000246777884,1
h0,206.212,959.00023768785,1
h0,179.178,960.000241597674,1
h0,152.101,961.000245507355,1
h0,125.017,962.000236417013,1
h0,97.9436,963.000240326705,1
h0,70.9497,964.000244236663,1
h0,43.9511,965.000235146605,1
h0,17.1516,966.000239057211,1
h0,10.7325,967.0002430358,1
h0,38.5639,968.000234128635,1
h0,67.1756,969.000238224074,1
h0,96.5854,970.000242322174,1
h0,126.514,971.000246422006,1
h0,156.706,972.000237522713,1
h0,187.118,973.000241624157,1
h0,217.615,974.000245725887,1
h0,248.256,975.000236828094,1
h0,278.931,976.000240930414,1
h0,309.742,977.000245033189,1
h0,339.443,978.000236132259,1
h0,367.289,979.000240225145,1
