h0,415.179,962.000237384887,1
h0,396.614,963.000241322962,1
h0,378.45,964.000245262373,1
h0,360.594,965.000236202811,1
h0,342.978,966.000240144051,1
h0,325.559,967.000244085947,1
h0,308.36,968.000235028577,1
h0,291.262,969.000238971545,1
h0,274.337,970.00024291509,1
h0,257.447,971.000246858752,1
h0,240.681,972.000237802824,1
h0,223.967,973.000241747072,1
h0,207.31,974.000245691512,1
h0,190.717,975.000236636163,1
h0,174.213,976.000240581111,1
h0,157.705,977.000244526046,1
h0,141.212,978.000235471032,1
h0,124.738,979.00023941608,1
h0,108.322,980.000243361324,1
h0,91.9127,981.000234306588,1
h0,75.5164,982.000238251896,1
h0,58.0967,983.00024219379,1
h0,38.7956,984.000246129408,1
h0,18.0195,985.000237060107,1
h0,9.22275,986.000241030764,1
h0,32.7321,987.000245109182,1
h0,59.7059,988.000236199157,1
h0,88.7827,989.000240296147,1
h0,119.97,990.000244400178,1
h0,152.717,991.00023550941,1
h0,185.69,992.000239619394,1
h0,218.627,993.000243729262,1
h0,251.588,994.000234839207,1
h0,284.53,995.000238949092,1
h0,317.519,996.000243059128,1
h0,350.487,997.000247169098,1
