h0,401.642,966.000240339734,1
h0,383.009,967.000244277581,1
h0,364.34,968.000235215307,1
h0,344.722,969.000239149867,1
h0,324.239,970.000243081545,1
h0,304.196,971.000247014689,1
h0,284.537,972.000237949112,1
h0,265.273,973.000241884856,1
h0,246.336,974.000245821689,1
h0,227.24,975.000236757991,1
h0,207.531,976.000240692249,1
h0,186.824,977.000244623179,1
h0,164.956,978.000235550232,1
h0,141.685,979.000239472611,1
h0,116.862,980.000243389811,1
h0,90.7895,981.000234302841,1
h0,64.2475,982.000238214307,1
h0,37.4554,983.000242124938,1
h0,11.4797,984.000246038292,1
h0,19.2382,985.000237064172,1
h0,46.5119,986.000241155147,1
h0,74.4561,987.000245248359,1
h0,102.734,988.000236342685,1
h0,131.168,989.000240437528,1
h0,159.767,990.000244532924,1
h0,188.741,991.000235629571,1
h0,218.252,992.000239728009,1
h0,248.033,993.000243827349,1
h0,277.621,994.000234926045,1
h0,306.808,995.000239023402,1
h0,335.503,996.000243119117,1
h0,363.824,997.000247213586,1
