h0,400.269,947.000242335152,1
h0,364.043,948.000246214318,1
h0,328.269,949.000237094986,1
h0,292.749,950.000240976505,1
h0,257.133,951.000244857703,1
h0,220.709,952.000235736206,1
h0,183.187,953.000239611045,1
h0,144.424,954.000243481745,1
h0,104.36,955.000234348107,1
h0,62.8703,956.000238209713,1
h0,19.983,957.000242066656,1
h0,24.1612,958.000246080593,1
h0,68.1044,959.000237227172,1
h0,111.851,960.000241373096,1
h0,154.744,961.00024551617,1
h0,196.354,962.000236654966,1
h0,236.766,963.000240789767,1
h0,276.036,964.000244920758,1
h0,314.21,965.000236048091,1
h0,351.309,966.000240171841,1
