h0,403.611,968.000235346302,1
h0,370.425,969.000239235603,1
h0,335.687,970.000243119731,1
h0,299.519,971.000246999088,1
h0,262.42,972.000237875337,1
h0,225.481,973.000241752125,1
h0,188.695,974.000245629419,1
h0,152.111,975.000236507386,1
h0,115.668,976.000240385827,1
h0,79.3167,977.000244264572,1
h0,43.1164,978.000235143821,1
h0,7.55066,979.000239025186,1
h0,28.7337,980.000243095845,1
h0,62.3243,981.000234207892,1
h0,94.3766,982.000238314806,1
h0,124.988,983.000242416915,1
h0,154.279,984.000246514618,1
h0,182.446,985.000237608574,1
h0,209.68,986.000241699418,1
h0,237.364,987.000245791762,1
h0,266.66,988.000236889482,1
h0,297.641,989.000240992824,1
h0,330.372,990.000245102002,1
h0,364.455,991.000236215691,1
