h0,400.347,1003.000245335413,1
h0,377.759,1004.000236260067,1
h0,355.351,1005.000240185324,1
h0,333.092,1006.000244111076,1
h0,310.158,1007.000235034575,1
h0,286.534,1008.000238955776,1
h0,264,1009.000242880609,1
h0,242.926,1010.000246810315,1
h0,222.954,1011.000237743694,1
h0,202.107,1012.000241674156,1
h0,179.406,1013.000245598435,1
h0,156.303,1014.00023652137,1
h0,133.311,1015.000240444678,1
h0,110.289,1016.000244367883,1
h0,87.2976,1017.000235291193,1
h0,64.2588,1018.000239214344,1
h0,41.3209,1019.000243137832,1
h0,18.8791,1020.000234062974,1
h0,8.43575,1021.000238028139,1
h0,30.0209,1022.000242100139,1
h0,53.9698,1023.000246180024,1
h0,78.2921,1024.000237261154,1
h0,102.845,1025.000241343053,1
h0,127.51,1026.000245425327,1
h0,152.252,1027.000236507858,1
h0,177.025,1028.000240590493,1
h0,201.788,1029.000244673092,1
h0,226.424,1030.000235755268,1
h0,251.028,1031.000239837339,1
h0,275.574,1032.000243919216,1
h0,300.003,1033.000235000703,1
h0,324.481,1034.000239082354,1
h0,350.229,1035.000243168237,1
h0,377.52,1036.000247259271,1
