h0,406.164,975.000237354818,1
h0,384.57,976.000241282786,1
h0,361.939,977.000245207298,1
h0,338.839,978.000236130246,1
h0,315.344,979.000240051874,1
h0,291.524,980.000243972419,1
h0,267.448,981.00023489211,1
h0,243.164,982.000238811108,1
h0,218.626,983.000242729259,1
h0,193.928,984.000246646874,1
h0,169.082,985.000237563998,1
h0,144.134,986.000241480778,1
h0,118.962,987.000245396813,1
h0,93.4521,988.000236311723,1
h0,67.5678,989.000240225382,1
h0,41.5082,990.000244138457,1
h0,15.8243,991.000235052784,1
h0,13.8886,992.000239046327,1
h0,39.9206,993.000243133161,1
h0,66.9673,994.000234223379,1
h0,94.3558,995.000238314737,1
h0,121.91,996.000242406646,1
h0,149.496,997.000246498666,1
h0,177.21,998.000237591109,1
h0,205.001,999.00024168381,1
h0,232.761,1000.000245776406,1
h0,260.566,1001.000236869154,1
h0,288.377,1002.000240961923,1
h0,316.114,1003.000245054444,1
h0,343.854,1004.000236146972,1
h0,371.653,1005.0002402397,1
