h0,403.975,977.000245347516,1
h0,377.035,978.000236257654,1
h0,350.101,979.00024016781,1
h0,323.159,980.000244077941,1
h0,296.211,981.000234988055,1
h0,269.294,982.000238898268,1
h0,242.344,983.000242808371,1
h0,215.372,984.000246718403,1
h0,188.47,985.00023762867,1
h0,161.57,986.000241538938,1
h0,134.656,987.000245449163,1
h0,107.751,988.000236359418,1
h0,80.8852,989.000240269804,1
h0,54.0536,990.000244180303,1
h0,27.4551,991.00023509158,1
h0,6.40425,992.000239021362,1
h0,27.9403,993.000243093199,1
h0,54.5501,994.00023418196,1
h0,81.2358,995.000238270973,1
h0,106.607,996.000242355601,1
h0,130.454,997.000246435147,1
h0,152.884,998.000237509966,1
h0,173.966,999.000241580287,1
h0,194.556,1000.000245648969,1
h0,215.264,1001.000236718045,1
h0,235.862,1002.000240786751,1
h0,256.122,1003.00024485433,1
h0,276.075,1004.000235920888,1
h0,295.829,1005.000239986779,1
h0,315.356,1006.000244051913,1
h0,334.749,1007.000235116602,1
h0,353.955,1008.000239180665,1
h0,373.126,1009.000243244614,1
