h0,400.51,945.000247335957,1
h0,364.01,946.000238214205,1
h0,328.389,947.000242095388,1
h0,293.588,948.000245979306,1
h0,259.402,949.000236865272,1
h0,225.7,950.000240752853,1
h0,192.479,951.000244642042,1
h0,159.607,952.000235532393,1
h0,127.015,953.000239423675,1
h0,94.6604,954.000243315753,1
h0,62.5658,955.000234208697,1
h0,30.6589,956.000238102267,1
h0,3.47131,957.000242011579,1
h0,33.1899,958.00024611071,1
h0,64.7259,959.000237215902,1
h0,96.4716,960.000241321795,1
h0,128.706,961.000245429315,1
h0,161.337,962.000236538163,1
h0,193.985,963.000240647065,1
h0,226.672,964.000244756095,1
h0,259.365,965.000235865147,1
h0,292.062,966.000239974212,1
h0,324.816,967.000244083471,1
h0,357.542,968.000235192631,1
