h0,387.882,949.000237293834,1
h0,355.199,950.000241184816,1
h0,323.136,951.000245077865,1
h0,291.752,952.000235973181,1
h0,261.059,953.000239870798,1
h0,231.431,954.000243771971,1
h0,202.971,955.000234677039,1
h0,175.486,956.000238585357,1
h0,148.921,957.000242496747,1
h0,123.125,958.000246410699,1
h0,98.1534,959.000237327404,1
h0,73.7947,960.000241246153,1
h0,49.9919,961.000245166755,1
h0,26.7069,962.000236089085,1
h0,4.76375,963.00024001589,1
h0,19.4102,964.000244064745,1
h0,41.8001,965.00023513943,1
h0,64.205,966.000239214165,1
h0,86.5908,967.000243288836,1
h0,109.02,968.000234363652,1
h0,132.186,969.000238440926,1
h0,157.279,970.000242524625,1
h0,182.96,971.000246610288,1
h0,207.424,972.000237691891,1
h0,230.881,973.000241770135,1
h0,253.56,974.000245845784,1
h0,275.648,975.000236919464,1
h0,297.274,976.0002409916,1
h0,318.564,977.000245062615,1
h0,339.597,978.000236132774,1
h0,360.505,979.000240202516,1
