h0,380.134,967.000243267991,1
h0,343.51,968.000247145826,1
h0,306.834,969.000238023489,1
h0,270.14,970.00024190109,1
h0,233.312,971.000245778245,1
h0,196.513,972.000236655496,1
h0,159.731,973.000240532804,1
h0,122.898,974.000244409943,1
h0,86.6642,975.000235289081,1
h0,52.0328,976.000239173563,1
h0,19.2671,977.000243064268,1
h0,15.4686,978.000234051598,1
h0,45.807,979.000238152796,1
h0,76.1173,980.0002422539,1
h0,105.857,981.000246353102,1
h0,135.133,982.000237450756,1
h0,164,983.000241547044,1
h0,192.59,984.00024564241,1
h0,221.246,985.000236737997,1
h0,251.665,986.000240839465,1
h0,284.069,987.000244947553,1
h0,318.331,988.000236061837,1
h0,354.525,989.000240182569,1
