h0,407.967,962.000237360832,1
h0,373.069,963.000241244424,1
h0,336.704,964.000245123123,1
h0,300.302,965.0002360017,1
h0,263.898,966.000239880268,1
h0,227.48,967.00024375879,1
h0,191.057,968.000234637296,1
h0,154.656,969.000238515878,1
h0,118.237,970.000242394395,1
h0,81.8303,971.000246272956,1
h0,45.4456,972.00023715159,1
h0,9.48464,973.000241031637,1
h0,27.6943,974.000245092378,1
h0,64.0311,975.000236213585,1
h0,100.408,976.000240334924,1
h0,136.847,977.000244456473,1
h0,173.275,978.000235577982,1
h0,209.234,979.00023969793,1
h0,244.266,980.000243814783,1
h0,278.377,981.000234928565,1
h0,311.575,982.000239039301,1
h0,344.063,983.000243147669,1
h0,375.912,984.000247253907,1
