h0,395.854,946.000238320426,1
h0,372.777,947.000242243451,1
h0,350.181,948.000246168079,1
h0,328.031,949.000237094194,1
h0,306.26,950.000241021572,1
h0,284.814,951.000244950037,1
h0,263.549,952.000235879105,1
h0,242.495,953.000239808875,1
h0,221.575,954.000243739095,1
h0,200.805,955.000234669812,1
h0,180.181,956.000238601019,1
h0,159.669,957.000242532598,1
h0,138.063,958.00024646053,1
h0,114.341,959.000237381402,1
h0,88.9122,960.000241296579,1
h0,62.3396,961.000245207942,1
h0,35.5285,962.00023611851,1
h0,8.67247,963.000240028928,1
h0,19.2318,964.00024406415,1
h0,45.5898,965.000235152071,1
h0,71.7286,966.000239239261,1
h0,98.1026,967.000243327235,1
h0,125.758,968.000234419484,1
h0,154.879,969.000238516621,1
h0,185.908,970.000242620123,1
h0,220.146,971.000246734328,1
h0,256.942,972.000237857066,1
h0,295.924,973.000241987096,1
h0,336.936,974.000246123896,1
h0,379.846,975.000237267029,1
