h0,414.74,951.000245383425,1
h0,369.964,952.000236234067,1
h0,325.858,953.000240086944,1
h0,282.354,954.000243941833,1
h0,239.32,955.000234798284,1
h0,196.716,956.000238656174,1
h0,154.5,957.000242515355,1
h0,112.554,958.000246375439,1
h0,69.8929,959.000237233138,1
h0,25.9219,960.000241086466,1
h0,20.165,961.000245067263,1
h0,67.3238,962.000236224568,1
h0,116.31,963.00024038797,1
h0,167.073,964.000244557294,1
h0,219.554,965.000235732352,1
h0,271.977,966.000239907219,1
h0,323.44,967.000244078879,1
h0,373.957,968.000235247387,1
