h0,400.19,939.000236334891,1
h0,361.471,940.000240205736,1
h0,323.135,941.000244077861,1
h0,285.288,942.00023495162,1
h0,247.847,943.000238826728,1
h0,210.735,944.000242702935,1
h0,173.943,945.00024658021,1
h0,137.406,946.000237458338,1
h0,101.106,947.000241337253,1
h0,64.999,948.000245216813,1
h0,29.1465,949.000236097222,1
h0,7.54727,950.000240025175,1
h0,42.8775,951.000244143024,1
h0,79.8203,952.000235266252,1
h0,117.618,953.000239392333,1
h0,155.621,954.000243519096,1
h0,193.707,955.000234646136,1
h0,231.878,956.000238773461,1
h0,270.117,957.000242901014,1
h0,308.479,958.000247028975,1
h0,346.848,959.00023815696,1
