h0,390.261,947.000242301772,1
h0,343.742,948.000246146599,1
h0,297.553,949.000236992531,1
h0,251.443,950.000240838722,1
h0,205.529,951.000244685571,1
h0,159.787,952.000235532994,1
h0,114.205,953.000239380946,1
h0,68.7718,954.000243229398,1
h0,23.9494,955.000234079886,1
h0,23.2719,956.000238077627,1
h0,68.3214,957.000242227896,1
h0,114.049,958.000246380428,1
h0,159.955,959.000237533552,1
h0,205.858,960.000241686668,1
h0,251.972,961.000245840489,1
h0,298.239,962.000236994818,1
h0,344.565,963.000241149344,1
