h0,390.365,948.000246302118,1
h0,356.322,949.000237188562,1
h0,322.835,950.00024107686,1
h0,289.849,951.000244966831,1
h0,257.335,952.000235858376,1
h0,225.363,953.000239751729,1
h0,193.768,954.000243646341,1
h0,161.925,955.000234540122,1
h0,129.995,956.000238433618,1
h0,98.3943,957.000242328208,1
h0,67.2106,958.00024622419,1
h0,36.7706,959.000237122653,1
h0,8.40769,960.000241028045,1
h0,25.5724,961.0002450853,1
h0,55.0686,962.000236183689,1
h0,84.7237,963.000240282608,1
h0,113.846,964.000244379748,1
h0,141.153,965.000235470835,1
h0,167.025,966.000239557134,1
h0,194.104,967.000243647461,1
h0,222.099,968.000234740843,1
h0,250.213,969.000238834619,1
h0,279.776,970.000242933232,1
h0,311.312,971.000247038426,1
h0,344.64,972.000238149594,1
h0,378.909,973.000242263904,1
