h0,404.065,999.000242347816,1
h0,387.833,1000.000246293671,1
h0,371.293,1001.000237238501,1
h0,354.011,1002.000241180853,1
h0,336.647,1003.000245122934,1
h0,319.464,1004.000236065616,1
h0,302.465,1005.000240008915,1
h0,285.701,1006.000243952997,1
h0,268.655,1007.000234896136,1
h0,250.867,1008.000238836803,1
h0,233.093,1009.000242777515,1
h0,215.138,1010.000246717624,1
h0,196.074,1011.000237654034,1
h0,176.437,1012.000241588529,1
h0,156.468,1013.000245521922,1
h0,136.367,1014.00023645487,1
h0,116.166,1015.000240387489,1
h0,95.93,1016.000244319988,1
h0,75.6858,1017.000235252461,1
h0,55.534,1018.000239185242,1
h0,35.4264,1019.00024311817,1
h0,15.8656,1020.000234052922,1
h0,8.6272,1021.000238028777,1
h0,26.8531,1022.000242089572,1
h0,47.3515,1023.000246157947,1
h0,69.6478,1024.00023723232,1
h0,93.7575,1025.000241312741,1
h0,119.503,1026.000245398618,1
h0,146.998,1027.000236490334,1
h0,174.396,1028.000240581721,1
h0,200.86,1029.000244669998,1
h0,226.593,1030.000235755832,1
h0,251.574,1031.000239839159,1
h0,275.919,1032.000243920368,1
h0,299.606,1033.000234999379,1
h0,322.904,1034.000239077092,1
h0,345.799,1035.000243153461,1
h0,368.333,1036.000247228628,1
