h0,382.701,948.000246276551,1
h0,343.974,949.000237147375,1
h0,305.087,950.000241017661,1
h0,265.433,951.000244885388,1
h0,224.755,952.000235749704,1
h0,182.882,953.00023961003,1
h0,139.641,954.000243465791,1
h0,95.8783,955.000234319816,1
h0,51.777,956.00023817271,1
h0,7.94546,957.000242026503,1
h0,37.5325,958.000246125195,1
h0,82.2453,959.000237274341,1
h0,127.128,960.000241424052,1
h0,171.965,961.000245573614,1
h0,216.786,962.000236723121,1
h0,261.525,963.000240872353,1
h0,305.801,964.000245020044,1
h0,349.804,965.00023616682,1
