h0,406.249,949.0002373551,1
h0,363.004,950.000241210849,1
h0,321.137,951.000245071198,1
h0,280.638,952.000235936109,1
h0,241.219,953.00023980462,1
h0,202.643,954.000243675945,1
h0,164.751,955.000234549551,1
h0,127.591,956.000238425598,1
h0,90.9939,957.000242303523,1
h0,54.9377,958.000246183252,1
h0,19.3917,959.000237064684,1
h0,16.5559,960.000241055225,1
h0,51.3925,961.000245171427,1
h0,86.1634,962.00023628741,1
h0,120.717,963.000240402668,1
h0,155.1,964.000244517359,1
h0,189.325,965.000235631519,1
h0,223.418,966.000239745241,1
h0,257.442,967.000243858733,1
h0,291.406,968.000234972027,1
h0,325.297,969.000239085075,1
h0,359.127,970.000243197918,1
