h0,406.268,983.000238355163,1
h0,383.954,984.000242280732,1
h0,361.445,985.000246205652,1
h0,339.569,986.000237132682,1
h0,317.016,987.00024105745,1
h0,293.364,988.000244978558,1
h0,270.468,989.000235902183,1
h0,248.5,990.000239828907,1
h0,227.346,991.000243758344,1
h0,206.913,992.000234690186,1
h0,187.081,993.000238624034,1
h0,167.399,994.000242558383,1
h0,145.805,995.000246486351,1
h0,123.617,996.000237412342,1
h0,102.734,997.000241342682,1
h0,82.9558,998.000245276711,1
h0,64.2319,999.000236214254,1
h0,46.4475,1000.000240154932,1
h0,29.7314,1001.000244099173,1
h0,14.9557,1002.000235049887,1
h0,10.7155,1003.000239035743,1
h0,22.7214,1004.000243075791,1
h0,37.299,1005.000234124416,1
h0,52.1646,1006.000238174002,1
h0,67.0443,1007.000242223636,1
h0,81.7921,1008.000246272829,1
h0,96.496,1009.000237321876,1
h0,111.093,1010.000241370567,1
h0,125.669,1011.000245419187,1
h0,140.16,1012.000236467525,1
h0,154.612,1013.00024051573,1
h0,169.122,1014.000244564131,1
h0,183.51,1015.000235612124,1
h0,197.912,1016.000239660165,1
h0,212.319,1017.00024370822,1
h0,226.74,1018.000234756324,1
h0,241.1,1019.000238804223,1
h0,255.509,1020.000242852288,1
h0,270.319,1021.000246901686,1
h0,285.981,1022.000237953929,1
h0,301.902,1023.000242007035,1
h0,317.92,1024.000246060465,1
h0,333.916,1025.000237113825,1
h0,349.723,1026.000241166551,1
h0,365.365,1027.000245218726,1
