h0,412.645,974.000245376436,1
h0,383.55,975.000236279385,1
h0,355.203,976.000240184828,1
h0,327.52,977.00024409249,1
h0,300.418,978.000235002087,1
h0,273.804,979.000238913313,1
h0,247.795,980.000242826554,1
h0,222.401,981.000246741849,1
h0,197.516,982.000237658842,1
h0,173.251,983.000241577903,1
h0,149.474,984.000245498591,1
h0,126.154,985.000236420806,1
h0,103.263,986.000240344447,1
h0,80.6998,987.000244269186,1
h0,58.4496,988.000235194967,1
h0,36.558,989.000239121944,1
h0,15.4992,990.0002430517,1
h0,9.90737,991.000234033047,1
h0,29.8378,992.000238099528,1
h0,50.9786,993.000242170046,1
h0,72.1714,994.000246240738,1
h0,93.3613,995.00023731142,1
h0,114.517,996.000241381988,1
h0,135.619,997.000245452377,1
h0,156.696,998.000236522681,1
h0,177.792,999.000240593049,1
h0,198.831,1000.000244663228,1
h0,219.827,1001.000235733263,1
h0,241.166,1002.000239804444,1
h0,263.936,1003.000243880397,1
h0,288.182,1004.000234961272,1
h0,314.016,1005.000239047445,1
h0,341.667,1006.000243139678,1
h0,370.529,1007.000247235952,1
