h0,407.418,969.000239358999,1
h0,385.914,970.00024328727,1
h0,364.213,971.000247214885,1
h0,341.083,972.000238137729,1
h0,316.38,973.000242055329,1
h0,289.999,974.000245967332,1
h0,263.446,975.00023687876,1
h0,236.705,976.000240789562,1
h0,209.936,977.000244700271,1
h0,183.128,978.000235610851,1
h0,156.326,979.000239521447,1
h0,129.503,980.000243431977,1
h0,102.681,981.000234342507,1
h0,75.8977,982.000238253167,1
h0,49.1183,983.000242163841,1
h0,22.326,984.000246074471,1
h0,6.48844,985.000237021643,1
h0,34.7165,986.000241115802,1
h0,65.105,987.000245217167,1
h0,97.6695,988.00023632579,1
h0,131.967,989.000240440194,1
h0,166.813,990.000244556427,1
h0,201.754,991.000235672979,1
h0,236.639,992.000239789343,1
h0,270.595,993.000243902608,1
h0,303.294,994.000235011678,1
h0,336.053,995.000239120952,1
h0,368.145,996.000243227999,1
