h0,413.106,966.000240377972,1
h0,387.031,967.000244290996,1
h0,360.796,968.000235203486,1
h0,334.572,969.000239116013,1
h0,308.298,970.000243028372,1
h0,282.023,971.000246940726,1
h0,255.682,972.000237852863,1
h0,229.734,973.00024176631,1
h0,204.821,974.000245683209,1
h0,180.817,975.000236603141,1
h0,157.572,976.000240525603,1
h0,135.011,977.00024445035,1
h0,113.077,978.000235377185,1
h0,91.6687,979.000239305774,1
h0,70.6452,980.000243235647,1
h0,50.0611,981.000234166986,1
h0,29.9465,982.000238099891,1
h0,11.1156,983.000242037078,1
h0,12.6193,984.000246042094,1
h0,31.3626,985.000237104614,1
h0,50.7601,986.000241169318,1
h0,70.229,987.000245234259,1
h0,90.6405,988.000236302344,1
h0,112.586,989.000240375547,1
h0,136.369,990.000244454877,1
h0,163.56,991.000235545576,1
h0,193.07,992.000239644011,1
h0,224.325,993.000243748268,1
h0,256.048,994.000234854083,1
h0,287.951,995.000238960502,1
h0,320.094,996.00024306772,1
h0,352.24,997.000247174947,1
