h0,390.223,956.000239301643,1
h0,354.909,957.000243183848,1
h0,319.655,958.000247066255,1
h0,284.32,959.000237948389,1
h0,248.695,960.000241829558,1
h0,211.587,961.000245705779,1
h0,172.625,962.000236575815,1
h0,132.018,963.000240440364,1
h0,91.0404,964.000244303678,1
h0,49.9664,965.00023516667,1
h0,9.22713,966.000239030778,1
h0,32.7894,967.000243109374,1
h0,74.1186,968.000234247233,1
h0,115.509,969.000238385298,1
h0,156.173,970.000242520936,1
h0,195.991,971.000246653756,1
h0,235.034,972.000237783988,1
h0,273.444,973.00024191211,1
h0,311.346,974.000246038537,1
h0,348.7,975.000237163139,1
