h0,412.657,987.000241376475,1
h0,390.528,988.000245302661,1
h0,368.866,989.000236230406,1
h0,347.515,990.000240159186,1
h0,326.366,991.000244088639,1
h0,305.304,992.000235018384,1
h0,284.398,993.00023894865,1
h0,263.582,994.000242879214,1
h0,242.787,995.00024680985,1
h0,222.046,996.000237740665,1
h0,201.315,997.000241671513,1
h0,180.573,998.000245602326,1
h0,159.871,999.000236533273,1
h0,139.11,1000.000240464021,1
h0,118.059,1001.000244393803,1
h0,96.9685,1002.000235323452,1
h0,75.9116,1003.000239253214,1
h0,54.8858,1004.000243183079,1
h0,34.0175,1005.00023411347,1
h0,13.8779,1006.000238046292,1
h0,10.8944,1007.00024203634,1
h0,30.638,1008.000246102197,1
h0,52.3354,1009.000237174572,1
h0,75.1332,1010.000241250617,1
h0,98.3514,1011.000245328065,1
h0,121.472,1012.000236405187,1
h0,144.123,1013.000240480743,1
h0,166.221,1014.000244554453,1
h0,187.224,1015.000235624511,1
h0,208.558,1016.000239695676,1
h0,229.921,1017.000243766936,1
h0,250.994,1018.000234837227,1
h0,273.214,1019.000238911343,1
h0,296.373,1020.000242988595,1
h0,320.525,1021.000247069156,1
h0,345.519,1022.000238152526,1
h0,370.174,1023.000242234768,1
