h0,388.56,956.000239296096,1
h0,344.334,957.000243148576,1
h0,300.03,958.000247000793,1
h0,255.762,959.000237853129,1
h0,211.461,960.000241705357,1
h0,167.32,961.000245558119,1
h0,124.737,962.000236416078,1
h0,83.7875,963.000240279485,1
h0,43.6154,964.000244145485,1
h0,4.63158,965.000235015449,1
h0,37.0123,966.00023912346,1
h0,77.3361,967.000243257965,1
h0,117.179,968.000234390868,1
h0,156.388,969.000238521655,1
h0,195.044,970.000242650597,1
h0,233.218,971.00024677793,1
h0,270.865,972.000237903507,1
h0,308.148,973.000242027871,1
h0,345.721,974.000246153201,1
