h0,389.386,959.000238298851,1
h0,356.414,960.000242188868,1
h0,324.545,961.000246082566,1
h0,294.164,962.000236981226,1
h0,265.125,963.000240884361,1
h0,237.323,964.000244791626,1
h0,210.667,965.000235702709,1
h0,184.981,966.00023961703,1
h0,160.232,967.000243534475,1
h0,136.271,968.000234454552,1
h0,112.996,969.000238376915,1
h0,90.4167,970.000242301598,1
h0,68.3448,971.000246227974,1
h0,46.7663,972.000237155995,1
h0,25.8183,973.00024108612,1
h0,7.54754,974.000245025176,1
h0,17.913,975.000236059751,1
h0,37.7315,976.000240125859,1
h0,57.5457,977.000244191952,1
h0,76.9894,978.000235256809,1
h0,95.9478,979.000239320048,1
h0,114.574,980.000243382177,1
h0,132.716,981.000234442692,1
h0,150.53,982.000238502114,1
h0,167.936,983.000242560174,1
h0,185.096,984.000246617412,1
h0,202.004,985.000237673813,1
h0,218.66,986.000241729372,1
h0,235.133,987.00024578432,1
h0,251.421,988.000236838651,1
h0,267.583,989.00024089256,1
h0,283.669,990.000244946217,1
h0,299.562,991.000235999232,1
h0,315.428,992.000240052154,1
h0,331.311,993.000244105133,1
h0,347.122,994.000235157873,1
h0,362.943,995.000239210646,1
h0,378.693,996.000243263183,1
