h0,380.801,953.000240270216,1
h0,344.507,954.000244149153,1
h0,308.394,955.000235028692,1
h0,272.487,956.000238908919,1
h0,236.714,957.000242789593,1
h0,201.098,958.000246670791,1
h0,165.636,959.000237552502,1
h0,130.369,960.000241434865,1
h0,95.2674,961.000245317778,1
h0,60.3617,962.000236201345,1
h0,25.6333,963.000240085503,1
h0,10.0891,964.000244033654,1
h0,44.8529,965.000235149613,1
h0,80.1837,966.000239267464,1
h0,115.61,967.000243385634,1
h0,151.138,968.000234504143,1
h0,186.708,969.000238622791,1
h0,222.343,970.000242741658,1
h0,257.999,971.000246860591,1
h0,293.719,972.00023797974,1
h0,329.447,973.000242098917,1
h0,365.066,974.000246217729,1
