h0,395.012,983.000243317618,1
h0,370.82,984.000247236923,1
h0,346.711,985.000238156504,1
h0,322.774,986.00024207666,1
h0,298.922,987.000245997097,1
h0,275.209,988.000236917997,1
h0,251.6,989.000240839248,1
h0,228.102,990.000244760867,1
h0,204.611,991.000235682508,1
h0,181.219,992.000239604482,1
h0,157.949,993.00024352686,1
h0,134.863,994.000234449855,1
h0,111.937,995.00023837338,1
h0,89.2449,996.000242297689,1
h0,66.8163,997.000246222875,1
h0,45.1289,998.000237150534,1
h0,23.0828,999.000241076996,1
h0,9.82571,1000.000245032775,1
h0,26.6895,1001.000236089027,1
h0,46.845,1002.000240156258,1
h0,65.6321,1003.000244218925,1
h0,82.9271,1004.000235276615,1
h0,98.9614,1005.0002393301,1
h0,114.004,1006.000243380275,1
h0,128.26,1007.000234427828,1
h0,141.938,1008.000238473453,1
h0,155.219,1009.000242517755,1
h0,168.201,1010.000246561057,1
h0,180.991,1011.000237603722,1
h0,193.703,1012.000241646125,1
h0,206.259,1013.000245688005,1
h0,218.793,1014.000236729815,1
h0,231.633,1015.000240772646,1
h0,246.568,1016.000244822462,1
h0,263.733,1017.00023587972,1
h0,283.233,1018.000239944764,1
h0,304.9,1019.000244017038,1
h0,328.377,1020.000235095348,1
h0,351.868,1021.000239173705,1
h0,374.939,1022.000243250663,1
