h0,397.651,960.000242326422,1
h0,369.656,961.00024623304,1
h0,341.562,962.000237139329,1
h0,313.478,963.000241045652,1
h0,285.346,964.000244951811,1
h0,257.206,965.000235857948,1
h0,228.981,966.000239763798,1
h0,200.086,967.000243667416,1
h0,169.659,968.000234565923,1
h0,138.607,969.000238462345,1
h0,107.872,970.000242359822,1
h0,77.3609,971.000246258048,1
h0,47.1164,972.000237157163,1
h0,16.839,973.000241056169,1
h0,14.1729,974.000245047276,1
h0,44.1102,975.000236147136,1
h0,74.125,976.000240247254,1
h0,104.025,977.00024434699,1
h0,133.779,978.00023544624,1
h0,163.461,979.000239545248,1
h0,193.052,980.000243643951,1
h0,222.664,981.000234742726,1
h0,253.871,982.000238846823,1
h0,286.752,983.000242956502,1
h0,321.413,984.000247072119,1
h0,357.603,985.000238192837,1
