h0,410.321,950.000241368683,1
h0,378.588,951.000245262833,1
h0,347.904,952.000236160484,1
h0,317.951,953.000240060571,1
h0,286.872,954.000243956903,1
h0,254.285,955.000234848205,1
h0,220.117,956.00023873423,1
h0,184.125,957.000242614174,1
h0,147.47,958.000246491907,1
h0,110.388,959.000237368214,1
h0,71.3231,960.000241237908,1
h0,32.0291,961.000245106838,1
h0,9.40409,962.000236031369,1
h0,44.1232,963.000240147179,1
h0,79.4284,964.000244264944,1
h0,113.781,965.000235379532,1
h0,147.358,966.000239491532,1
h0,180.242,967.000243601223,1
h0,212.635,968.000234709275,1
h0,244.574,969.00023881581,1
h0,276.222,970.000242921377,1
h0,307.671,971.00024702628,1
h0,338.899,972.000238130447,1
h0,369.996,973.000242234174,1
