h0,406.53,977.000245356038,1
h0,387.739,978.000236293357,1
h0,368.976,979.000240230771,1
h0,350.225,980.000244168226,1
h0,331.388,981.000235105391,1
h0,312.546,982.000239042541,1
h0,293.715,983.000242979729,1
h0,274.889,984.000246916931,1
h0,256.062,985.000237854129,1
h0,237.139,986.000241791011,1
h0,218.128,987.000245727596,1
h0,198.662,988.000236662666,1
h0,178.797,989.000240596402,1
h0,158.698,990.00024452936,1
h0,138.439,991.000235461783,1
h0,117.662,992.00023939248,1
h0,95.025,993.000243316969,1
h0,70.243,994.000234234305,1
h0,43.5514,995.000238145272,1
h0,15.6396,996.000242052168,1
h0,13.0638,997.000246043576,1
h0,40.3657,998.000237134645,1
h0,67.4503,999.00024122499,1
h0,94.1557,1000.00024531407,1
h0,120.5,1001.000236401943,1
h0,147.035,1002.000240490457,1
h0,174.661,1003.000244582605,1
h0,203.489,1004.000235678766,1
h0,233.587,1005.000239779163,1
h0,263.986,1006.000243880563,1
h0,292.921,1007.000234977079,1
h0,320.535,1008.000239069191,1
h0,347.156,1009.000243157989,1
h0,374.496,1010.000247249183,1
