h0,386.31,955.000235288593,1
h0,347.576,956.000239159388,1
h0,309.426,957.000243032133,1
h0,272.322,958.000246908368,1
h0,236.178,959.000237787806,1
h0,200.892,960.000241670103,1
h0,166.4,961.000245555051,1
h0,132.492,962.000236441944,1
h0,99.1576,963.000240330754,1
h0,66.2769,964.000244221076,1
h0,33.7951,965.000235112728,1
h0,3.48798,966.000239011635,1
h0,30.7727,967.000243102647,1
h0,62.4768,968.0002342084,1
h0,94.0527,969.000238313726,1
h0,125.543,970.000242418767,1
h0,156.906,971.000246523383,1
h0,188.174,972.00023762768,1
h0,219.353,973.000241731684,1
h0,250.419,974.000245835308,1
h0,281.492,975.000236938956,1
h0,312.506,976.000241042408,1
h0,343.495,977.000245145774,1
h0,374.324,978.000236248609,1
