h0,414.412,975.000237382329,1
h0,382.516,976.000241275936,1
h0,350.675,977.000245169725,1
h0,319.212,978.000236064776,1
h0,288.031,979.000239960767,1
h0,256.74,980.000243856392,1
h0,223.829,981.000234746615,1
h0,189.225,982.000238631186,1
h0,154.466,983.000242515243,1
h0,121.628,984.000246405707,1
h0,89.8163,985.000237299595,1
h0,57.1572,986.000241190656,1
h0,25.1946,987.00024508404,1
h0,8.80316,988.000236029364,1
h0,41.6273,989.000240138854,1
h0,72.757,990.000244242691,1
h0,101.757,991.000235339424,1
h0,129.418,992.000239431692,1
h0,156.406,993.000243521714,1
h0,183.192,994.000234611063,1
h0,209.774,995.000238699731,1
h0,236.067,996.000242787434,1
h0,262.115,997.000246874321,1
h0,287.943,998.000237960474,1
h0,313.706,999.000242046409,1
h0,339.385,1000.000246132068,1
h0,365.063,1001.000237217721,1
