h0,392.851,964.000245310409,1
h0,360.505,965.000236202517,1
h0,328.177,966.000240094681,1
h0,295.789,967.000243986646,1
h0,263.465,968.000234878825,1
h0,231.063,969.000238770744,1
h0,198.629,970.000242662555,1
h0,166.175,971.000246554301,1
h0,133.772,972.000237446214,1
h0,101.359,973.000241338096,1
h0,68.4023,974.000245228165,1
h0,33.6164,975.000236112132,1
h0,4.70046,976.000240015679,1
h0,42.2673,977.000244140989,1
h0,82.7094,978.000235275889,1
h0,125.131,979.000239417392,1
h0,169.655,980.000243565909,1
h0,216.244,981.000234721311,1
h0,263.47,982.000238878841,1
h0,310.724,983.000243036464,1
h0,358.002,984.000247194167,1
