h0,412.943,957.000243377431,1
h0,384.639,958.000247283017,1
h0,357.135,959.000238191274,1
h0,330.366,960.000242101981,1
h0,304.302,961.000246015041,1
h0,278.838,962.000236930105,1
h0,253.977,963.000240847177,1
h0,229.569,964.000244765759,1
h0,205.625,965.000235685891,1
h0,182.106,966.000239607439,1
h0,158.936,967.000243530153,1
h0,136.075,968.000234453897,1
h0,113.462,969.000238378469,1
h0,91.0569,970.000242303733,1
h0,68.8785,971.000246229754,1
h0,46.9311,972.000237156545,1
h0,25.2945,973.000241084373,1
h0,6.66152,974.00024502222,1
h0,22.6443,975.000236075533,1
h0,46.8687,976.000240156337,1
h0,71.8526,977.000244239674,1
h0,97.173,978.000235324134,1
h0,122.756,979.000239409469,1
h0,148.433,980.000243495119,1
h0,174.29,981.00023458137,1
h0,200.272,982.000238668035,1
h0,226.323,983.000242754931,1
h0,252.348,984.000246841743,1
h0,278.564,985.00023792919,1
h0,304.776,986.000242016622,1
h0,331.082,987.00024610437,1
h0,357.475,988.00023719241,1
