h0,390.273,951.000245301811,1
h0,357.088,952.000236191119,1
h0,324.562,953.000240082623,1
h0,292.588,954.000243975968,1
h0,260.638,955.000234869395,1
h0,228.67,956.000238762762,1
h0,197.026,957.000242657207,1
h0,165.696,958.000246552703,1
h0,134.662,959.000237449184,1
h0,103.601,960.000241345575,1
h0,72.0183,961.000245240227,1
h0,39.6214,962.000236132163,1
h0,6.79197,963.000240022656,1
h0,28.9817,964.000244096673,1
h0,64.3193,965.000235214546,1
h0,100.013,966.000239333606,1
h0,135.973,967.000243453557,1
h0,172.059,968.000234573926,1
h0,208.412,969.000238695186,1
h0,244.928,970.000242816993,1
h0,281.575,971.000246939234,1
h0,318.324,972.000238061814,1
h0,355.381,973.000242185424,1
