h0,402.403,977.000245342271,1
h0,378.458,978.000236262402,1
h0,353.372,979.000240178723,1
h0,327.718,980.000244093149,1
h0,301.925,981.000235007114,1
h0,276.047,982.000238920793,1
h0,250.061,983.000242834113,1
h0,224.022,984.000246747256,1
h0,197.928,985.000237660218,1
h0,171.842,986.000241573202,1
h0,145.656,987.000245485856,1
h0,119.47,988.000236398509,1
h0,93.2799,989.000240311148,1
h0,67.054,990.000244223668,1
h0,40.8215,991.000235136166,1
h0,13.9387,992.000239046494,1
h0,15.5014,993.000243051707,1
h0,45.7055,994.000234152457,1
h0,77.8891,995.00023825981,1
h0,111.767,996.000242372816,1
h0,147.404,997.000246491686,1
h0,182.791,998.000237609725,1
h0,216.632,999.000241722607,1
h0,249.103,1000.00024583092,1
h0,280.32,1001.000236935047,1
h0,310.36,1002.00024103525,1
h0,339.368,1003.00024513201,1
h0,367.495,1004.000236225832,1
