h0,10.5683,903.000291035252,1
h0,15.6594,904.000243052234,1
h0,20.8916,905.000234069687,1
h0,26.4467,906.000238088217,1
h0,31.993,907.000242106717,1
h0,36.6834,908.000246122363,1
h0,38.0001,909.000237126755,1
h0,36.128,910.00024112051,1
h0,32.0441,911.000245106887,1
h0,28.3412,912.000236094536,1
h0,25.1924,913.000240084033,1
h0,22.5778,914.000244075312,1
h0,20.4741,915.000235068294,1
h0,18.8322,916.000239062817,1
h0,17.5845,917.000243058656,1
h0,16.6384,918.0002340555,1
h0,15.9424,919.000238053178,1
h0,15.4275,920.000242051461,1
h0,15.0513,921.000246050206,1
h0,14.7795,922.000237049299,1
h0,14.5845,923.000241048649,1
h0,14.4514,924.000245048205,1
h0,14.3487,925.000236047862,1
h0,14.2982,926.000240047694,1
h0,14.2757,927.000244047619,1
h0,14.2146,928.000235047415,1
h0,14.2049,929.000239047383,1
h0,14.1854,930.000243047317,1
h0,14.1729,931.000234047276,1
h0,14.1768,932.000238047289,1
h0,14.1675,933.000242047258,1
h0,14.161,934.000246047236,1
h0,14.1703,935.000237047267,1
h0,14.1786,936.000241047295,1
h0,14.1589,937.000245047229,1
h0,14.1379,938.000236047159,1
h0,14.1523,939.000240047207,1
h0,14.142,940.000244047173,1
h0,14.149,941.000235047196,1
h0,14.1436,942.000239047178,1
h0,14.1282,943.000243047127,1
h0,14.1487,944.000234047195,1
h0,14.127,945.000238047123,1
h0,14.1293,946.00024204713,1
h0,14.1526,947.000246047208,1
h0,14.1567,948.000237047222,1
h0,14.139,949.000241047163,1
h0,14.1315,950.000245047138,1
h0,14.1259,951.000236047119,1
h0,14.1369,952.000240047156,1
h0,14.167,953.000244047256,1
h0,14.1653,954.00023504725,1
h0,14.1726,955.000239047275,1
h0,14.1702,956.000243047267,1
h0,14.1517,957.000234047205,1
h0,14.1671,958.000238047256,1
h0,14.1396,959.000242047165,1
h0,14.1619,960.000246047239,1
h0,14.1441,961.00023704718,1
h0,14.1764,962.000241047287,1
h0,14.1675,963.000245047258,1
h0,14.168,964.000236047259,1
h0,14.2244,965.000240047448,1
h0,14.3648,966.000244047916,1
h0,14.5089,967.000235048396,1
h0,14.65,968.000239048867,1
h0,14.7753,969.000243049285,1
h0,14.8052,970.000234049385,1
h0,14.9058,971.00023804972,1
h0,15.0681,972.000242050262,1
h0,15.1032,973.000246050379,1
h0,15.0941,974.000237050348,1
h0,15.0791,975.000241050299,1
h0,15.0477,976.000245050194,1
h0,14.9897,977.00023605,1
h0,14.916,978.000240049754,1
h0,14.8465,979.000244049523,1
h0,14.7592,980.000235049231,1
h0,14.695,981.000239049017,1
h0,14.6234,982.000243048779,1
h0,14.5725,983.000234048609,1
h0,14.4982,984.000238048361,1
h0,14.4492,985.000242048197,1
h0,14.4019,986.000246048039,1
h0,14.3319,987.000237047806,1
h0,14.3057,988.000241047719,1
h0,14.2911,989.00024504767,1
h0,14.2651,990.000236047583,1
h0,14.2468,991.000240047522,1
h0,14.2228,992.000244047442,1
h0,14.2094,993.000235047397,1
h0,14.1996,994.000239047365,1
h0,14.5296,995.000243048466,1
h0,15.3537,996.000234051215,1
h0,15.9098,997.000238053069,1
h0,16.04,998.000242053504,1
h0,15.9397,999.000246053169,1
h0,15.722,1000.000237052443,1
h0,15.4396,1001.000241051501,1
h0,15.2133,1002.000245050746,1
h0,15.3223,1003.00023605111,1
h0,15.6759,1004.000240052289,1
h0,15.8842,1005.000244052984,1
h0,15.9198,1006.000235053103,1
h0,15.856,1007.00023905289,1
h0,15.7369,1008.000243052493,1
h0,15.5619,1009.000234051909,1
h0,15.4821,1010.000238051643,1
h0,15.6169,1011.000242052092,1
h0,15.748,1012.00024605253,1
h0,15.8209,1013.000237052773,1
h0,15.8322,1014.00024105281,1
h0,15.8032,1015.000245052714,1
h0,15.7235,1016.000236052448,1
h0,15.5941,1017.000240052016,1
h0,15.4469,1018.000244051525,1
h0,15.3185,1019.000235051097,1
h0,15.1673,1020.000239050593,1
h0,15.0192,1021.000243050099,1
h0,14.8773,1022.000234049625,1
h0,14.7701,1023.000238049268,1
h0,14.6643,1024.000242048915,1
h0,14.5851,1025.000246048651,1
h0,14.4999,1026.000237048366,1
h0,14.4183,1027.000241048094,1
h0,14.3649,1028.000245047916,1
h0,14.2991,1029.000236047697,1
h0,14.2793,1030.00024004763,1
h0,14.2591,1031.000244047563,1
h0,14.2232,1032.000235047443,1
h0,14.2161,1033.00023904742,1
h0,14.1906,1034.000243047335,1
h0,14.1698,1035.000234047265,1
h0,14.1804,1036.000238047301,1
h0,14.1691,1037.000242047263,1
h0,14.1725,1038.000246047274,1
h0,14.171,1039.000237047269,1
h0,14.17,1040.000241047266,1
h0,14.1548,1041.000245047215,1
h0,14.1693,1042.000236047264,1
h0,14.1548,1043.000240047215,1
h0,14.1655,1044.000244047251,1
h0,14.1411,1045.00023504717,1
h0,14.1627,1046.000239047242,1
h0,14.1548,1047.000243047215,1
h0,14.1555,1048.000234047218,1
h0,14.1558,1049.000238047219,1
h0,14.1415,1050.000242047171,1
h0,14.1587,1051.000246047229,1
h0,14.1285,1052.000237047128,1
h0,14.1527,1053.000241047208,1
h0,14.1336,1054.000245047145,1
h0,14.13,1055.000236047133,1
h0,14.1452,1056.000240047183,1
h0,14.1593,1057.000244047231,1
h0,14.1667,1058.000235047255,1
h0,14.1928,1059.000239047342,1
h0,14.176,1060.000243047286,1
h0,14.1578,1061.000234047225,1
h0,14.1719,1062.000238047272,1
h0,14.1713,1063.00024204727,1
h0,14.1685,1064.000246047261,1
h0,14.1715,1065.000237047271,1
h0,14.1565,1066.000241047221,1
h0,14.1601,1067.000245047233,1
h0,14.1527,1068.000236047208,1
h0,14.1594,1069.000240047231,1
h0,14.138,1070.000244047159,1
h0,14.1496,1071.000235047198,1
h0,14.1441,1072.00023904718,1
h0,14.1374,1073.000243047157,1
h0,14.1579,1074.000234047226,1
h0,14.126,1075.000238047119,1
h0,14.1417,1076.000242047172,1
h0,14.1402,1077.000246047167,1
h0,14.1471,1078.00023704719,1
h0,14.1392,1079.000241047163,1
h0,14.1459,1080.000245047186,1
h0,14.1397,1081.000236047165,1
h0,14.1468,1082.000240047188,1
h0,14.1298,1083.000244047132,1
h0,14.1487,1084.000235047195,1
h0,14.1285,1085.000239047128,1
h0,14.1435,1086.000243047178,1
h0,14.1361,1087.000234047153,1
h0,14.1407,1088.000238047168,1
h0,14.136,1089.000242047152,1
h0,14.1274,1090.000246047124,1
h0,14.1387,1091.000237047162,1
h0,14.1438,1092.000241047179,1
h0,14.1353,1093.00024504715,1
h0,14.1436,1094.000236047178,1
h0,14.1498,1095.000240047199,1
h0,14.1427,1096.000244047175,1
h0,14.146,1097.000235047186,1
h0,14.1422,1098.000239047173,1
h0,14.1377,1099.000243047158,1
h0,14.1375,1100.000234047158,1
h0,14.1396,1101.000238047164,1
h0,14.1411,1102.00024204717,1
h0,14.1618,1103.000246047239,1
h0,14.1412,1104.00023704717,1
h0,14.1389,1105.000241047162,1
h0,14.1384,1106.000245047161,1
h0,14.1328,1107.000236047142,1
h0,14.1578,1108.000240047225,1
h0,14.1499,1109.000244047199,1
h0,14.1383,1110.00023504716,1
h0,14.1215,1111.000239047104,1
h0,14.1363,1112.000243047154,1
h0,14.1235,1113.000234047111,1
h0,14.1259,1114.000238047119,1
h0,14.0386,1115.000242046828,1
h0,14.0564,1116.000246046887,1
h0,14.1612,1117.000237047237,1
h0,14.147,1118.000241047189,1
h0,14.1456,1119.000245047185,1
h0,14.1479,1120.000236047192,1
h0,14.1472,1121.00024004719,1
h0,14.1503,1122.0002440472,1
h0,14.1633,1123.000235047244,1
h0,14.1643,1124.000239047247,1
h0,14.1492,1125.000243047197,1
h0,14.1609,1126.000234047236,1
h0,14.1715,1127.000238047271,1
h0,14.1581,1128.000242047226,1
h0,14.1432,1129.000246047177,1
h0,14.1458,1130.000237047185,1
h0,14.1457,1131.000241047185,1
h0,14.1598,1132.000245047232,1
h0,14.1731,1133.000236047276,1
h0,14.1691,1134.000240047263,1
h0,14.1525,1135.000244047208,1
h0,14.1518,1136.000235047205,1
h0,14.1548,1137.000239047215,1
h0,14.1558,1138.000243047219,1
h0,14.2975,1139.000234047691,1
h0,14.9884,1140.000238049996,1
h0,15.7562,1141.000242052557,1
h0,15.9934,1142.000246053348,1
h0,15.9583,1143.000237053231,1
h0,15.7827,1144.000241052645,1
h0,15.5239,1145.000245051782,1
h0,15.269,1146.000236050932,1
h0,15.4027,1147.000240051378,1
h0,15.7727,1148.000244052612,1
h0,15.9485,1149.000235053199,1
h0,15.9824,1150.000239053312,1
h0,16.1627,1151.000243053913,1
h0,15.507,1152.000234051726,1
h0,14.653,1153.000238048877,1
h0,15.323,1154.000242051112,1
h0,17.2866,1155.000246057662,1
h0,20.2581,1156.000237067574,1
h0,24.0572,1157.000241080246,1
h0,28.4212,1158.000245094803,1
h0,33.1964,1159.000236110731,1
h0,38.2991,1160.000240127752,1
h0,43.6323,1161.000244145542,1
h0,49.1696,1162.000235164012,1
h0,55.8534,1163.000239186307,1
h0,63.4814,1164.000243211751,1
h0,71.7754,1165.000234239417,1
h0,81.522,1166.000238271928,1
h0,91.7324,1167.000242305986,1
h0,102.611,1168.000246342273,1
