h0,404.173,941.000244348175,1
h0,369.782,942.000235233459,1
h0,335.435,943.000239118892,1
h0,301.169,944.000243004592,1
h0,266.958,945.000246890476,1
h0,232.807,946.000237776561,1
h0,198.661,947.000241662662,1
h0,164.573,948.000245548957,1
h0,130.543,949.000236435446,1
h0,96.5389,950.000240322019,1
h0,62.5831,951.000244208755,1
h0,28.6649,952.000235095616,1
h0,6.36563,953.000239021233,1
h0,39.9049,954.000243133108,1
h0,74.7148,955.000234249222,1
h0,109.789,956.000238366217,1
h0,145.005,957.000242483686,1
h0,180.363,958.000246601625,1
h0,215.837,959.000237719956,1
h0,251.485,960.000241838863,1
h0,287.177,961.000245957918,1
h0,322.989,962.000237077374,1
h0,358.858,963.000241197022,1
