h0,388.517,964.000245295952,1
h0,350.625,965.000236169558,1
h0,311.331,966.000240038487,1
h0,271.071,967.000243904195,1
h0,231.196,968.000234771187,1
h0,191.66,969.000238639309,1
h0,152.409,970.000242508382,1
h0,113.423,971.000246378338,1
h0,74.6821,972.000237249113,1
h0,36.1733,973.000241120661,1
h0,4.017,974.000245013399,1
h0,40.8738,975.00023613634,1
h0,79.0033,976.000240263527,1
h0,117.117,977.000244390659,1
h0,155.176,978.000235517612,1
h0,193.312,979.00023964482,1
h0,232.179,980.000243774466,1
h0,271.335,981.000234905077,1
h0,309.877,982.000239033639,1
h0,347.44,983.000243158935,1
