h0,220.286,915.000243734794,1
h0,241.126,916.00023480431,1
h0,258.132,917.000238861035,1
h0,271.514,918.000242905674,1
h0,281.477,919.000246938906,1
h0,288.191,920.000237961302,1
h0,291.616,921.000241972726,1
h0,293.908,922.000245980371,1
h0,296.638,923.000236989477,1
h0,299.634,924.000240999471,1
h0,302.518,925.000245009092,1
h0,303.235,926.000236011484,1
h0,301.483,927.00024000564,1
h0,298.085,928.000243994305,1
h0,295.962,929.000234987224,1
h0,295.483,930.000238985624,1
h0,294.457,931.000242982202,1
h0,292.437,932.000246975466,1
h0,289.729,933.000237966432,1
h0,286.383,934.000241955271,1
h0,281.68,935.000245939584,1
h0,274.841,936.000236916772,1
h0,266.966,937.000240890503,1
h0,259.348,938.000244865092,1
h0,251.817,939.000235839972,1
h0,244.461,940.000239815434,1
h0,237.142,941.000243791022,1
h0,228.399,942.000234761856,1
h0,217.854,943.000238726683,1
h0,205.417,944.000242685199,1
h0,191.148,945.000246637602,1
h0,175.985,946.000237587022,1
h0,162.494,947.000241542022,1
h0,150.627,948.000245502437,1
h0,140.272,949.000236467897,1
h0,131.347,950.000240438127,1
h0,123.803,951.000244412961,1
h0,117.342,952.00023539141,1
h0,111.95,953.000239373425,1
h0,107.384,954.000243358195,1
h0,101.945,955.00023434005,1
h0,96.2331,956.000238320999,1
h0,91.5241,957.000242305291,1
h0,87.6683,958.00024629243,1
h0,84.4763,959.000237281783,1
h0,81.8332,960.000241272966,1
h0,79.6017,961.000245265523,1
h0,77.7388,962.000236259309,1
h0,76.1379,963.000240253969,1
h0,74.7452,964.000244249323,1
h0,73.4335,965.000235244948,1
h0,72.2246,966.000239240915,1
h0,70.9815,967.000243236769,1
h0,69.7608,968.000234232697,1
h0,68.4727,969.0002382284,1
h0,67.1777,970.000242224081,1
h0,65.8405,971.00024621962,1
h0,64.438,972.000237214942,1
h0,62.9373,973.000241209936,1
h0,61.3866,974.000245204764,1
h0,59.7638,975.000236199351,1
h0,58.0902,976.000240193768,1
h0,56.3672,977.000244188021,1
h0,54.6124,978.000235182167,1
h0,52.8214,979.000239176193,1
h0,50.973,980.000243170027,1
h0,49.0161,981.0002341635,1
h0,47.0971,982.000238157099,1
h0,45.1754,983.000242150689,1
h0,43.1467,984.000246143922,1
h0,40.9935,985.000237136739,1
h0,38.5352,986.000241128539,1
h0,35.7348,987.000245119198,1
h0,32.573,988.000236108652,1
h0,29.0223,989.000240096808,1
h0,25.0496,990.000244083556,1
h0,20.6981,991.000235069042,1
h0,15.9754,992.000239053288,1
h0,10.9821,993.000243036632,1
h0,5.98502,994.000234019964,1
h0,3.27772,995.000238010933,1
h0,7.49407,996.000242024998,1
h0,13.4863,997.000246044985,1
h0,19.9086,998.000237066408,1
h0,26.6412,999.000241088865,1
h0,33.6074,1000.000245112102,1
h0,40.7609,1001.000236135964,1
h0,48.2863,1002.000240161066,1
h0,56.3401,1003.00024418793,1
h0,65.0538,1004.000235216996,1
h0,74.3561,1005.000239248025,1
h0,84.0868,1006.000243280483,1
h0,94.2669,1007.00023431444,1
h0,104.823,1008.000238349651,1
h0,115.735,1009.00024238605,1
h0,126.935,1010.000246423409,1
h0,138.388,1011.000237461614,1
h0,150.091,1012.000241500651,1
h0,162.073,1013.000245540617,1
h0,174.272,1014.00023658131,1
h0,186.696,1015.000240622749,1
h0,199.164,1016.000244664339,1
h0,211.483,1017.00023570543,1
h0,223.599,1018.000239745846,1
h0,235.803,1019.000243786554,1
h0,247.957,1020.000234827095,1
h0,260.055,1021.000238867452,1
h0,272.294,1022.000242908275,1
h0,284.523,1023.000246949066,1
h0,296.89,1024.000237990318,1
h0,309.384,1025.000242031993,1
h0,321.929,1026.000246073841,1
h0,334.661,1027.000237116309,1
h0,347.463,1028.000241159013,1
h0,360.393,1029.000245202142,1
h0,373.611,1030.000236246233,1
h0,387.415,1031.000240292278,1
