h0,391.222,958.000247304977,1
h0,363.198,959.000238211499,1
h0,333.532,960.000242112542,1
h0,304.138,961.000246014496,1
h0,275.71,962.000236919669,1
h0,248.023,963.000240827315,1
h0,220.872,964.00024473675,1
h0,194.194,965.000235647761,1
h0,167.795,966.000239559705,1
h0,141.641,967.000243472465,1
h0,115.664,968.000234385813,1
h0,89.8288,969.000238299636,1
h0,63.2762,970.000242211067,1
h0,35.2934,971.000246117726,1
h0,7.99448,972.000237026667,1
h0,27.8757,973.000241092983,1
h0,61.0702,974.000245203708,1
h0,94.1907,975.000236314186,1
h0,126.629,976.000240422388,1
h0,158.451,977.000244528534,1
h0,189.829,978.0002356332,1
h0,220.869,979.00023973674,1
h0,251.676,980.000243839501,1
h0,282.166,981.000234941205,1
h0,312.659,982.000239042918,1
h0,343.105,983.000243144476,1
h0,373.52,984.000247245929,1
