h0,406.379,949.000237355536,1
h0,377.512,950.000241259246,1
h0,348.995,951.000245164121,1
h0,320.687,952.000236069697,1
h0,292.544,953.000239975823,1
h0,264.741,954.000243883082,1
h0,237.422,955.000234791956,1
h0,210.539,956.000238702284,1
h0,184.109,957.000242614123,1
h0,158.089,958.000246527329,1
h0,132.435,959.000237441756,1
h0,107.125,960.000241357329,1
h0,82.1684,961.000245274084,1
h0,57.5446,962.000236191948,1
h0,32.5391,963.000240108539,1
h0,6.90307,964.000244023026,1
h0,22.1521,965.000235073891,1
h0,51.4375,966.000239171577,1
h0,81.0376,967.000243270312,1
h0,110.651,968.000234369092,1
h0,140.325,969.000238468074,1
h0,170.062,970.000242567266,1
h0,199.806,971.000246666481,1
h0,229.536,972.000237765649,1
h0,259.318,973.00024186499,1
h0,289.057,974.00024596419,1
h0,318.833,975.000237063513,1
h0,348.527,976.00024116256,1
h0,378.236,977.000245261659,1
