h0,412.785,948.000246376904,1
h0,382.917,949.000237277275,1
h0,353.156,950.000241178002,1
h0,324.308,951.000245081774,1
h0,296.478,952.000235988945,1
h0,267.724,953.000239893031,1
h0,238.113,954.000243794258,1
h0,208.141,955.000234694284,1
h0,176.358,956.000238588267,1
h0,142.514,957.000242475376,1
h0,106.576,958.000246355499,1
h0,68.4907,959.00023722846,1
h0,28.7427,960.000241095875,1
h0,11.045,961.000245036842,1
h0,48.5699,962.000236162012,1
h0,85.1915,963.000240284168,1
h0,120.781,964.000244402883,1
h0,155.532,965.000235518798,1
h0,189.495,966.000239632089,1
h0,222.169,967.000243741074,1
h0,253.502,968.000234845593,1
h0,283.677,969.000238946245,1
h0,312.789,970.000243043353,1
h0,340.897,971.00024713711,1
h0,368.155,972.000238228032,1
