h0,402.695,951.000245343245,1
h0,372.448,952.000236242352,1
h0,342.668,953.000240143018,1
h0,313.271,954.000244044959,1
h0,284.179,955.000234947919,1
h0,255.225,956.00023885134,1
h0,225.939,957.00024275365,1
h0,195.013,958.000246650494,1
h0,162.206,959.000237541062,1
h0,127.477,960.000241425219,1
h0,90.7663,961.000245302764,1
h0,52.1217,962.000236173859,1
h0,11.7938,963.00024003934,1
h0,31.4996,964.000244105072,1
h0,74.9772,965.000235250097,1
h0,118.664,966.000239395822,1
h0,162.553,967.000243542218,1
h0,206.443,968.000234688621,1
h0,250.537,969.000238835703,1
h0,295.026,970.000242984102,1
h0,340.542,971.000247135925,1
