h0,405.655,966.000240353118,1
h0,388.256,967.000244295081,1
h0,371.444,968.000235239004,1
h0,355.04,969.000239184285,1
h0,337.823,970.000243126856,1
h0,318.504,971.000247062414,1
h0,297.469,972.000237992248,1
h0,276.371,973.000241921875,1
h0,255.619,974.000245852654,1
h0,235.214,975.000236784589,1
h0,215.151,976.000240717666,1
h0,194.638,977.000244649242,1
h0,173.093,978.000235577376,1
h0,150.353,979.000239501522,1
h0,126.772,980.000243422866,1
h0,102.781,981.000234342842,1
h0,78.5184,982.000238261909,1
h0,54.15,983.000242180625,1
h0,29.7953,984.000246099387,1
h0,7.70737,985.000237025709,1
h0,21.6246,986.000241072132,1
h0,46.1906,987.000245154075,1
h0,71.2728,988.000236237741,1
h0,97.0806,989.000240323826,1
h0,123.904,990.000244413299,1
h0,151.2,991.000235504349,1
h0,178.753,992.000239596254,1
h0,206.496,993.000243688795,1
h0,234.444,994.00023478202,1
h0,262.613,995.000238875981,1
h0,290.887,996.000242970294,1
h0,319.292,997.000247065044,1
h0,348.104,998.000238161151,1
h0,377.237,999.000242258326,1
