h0,387.179,989.00024129149,1
h0,356.233,990.000245188266,1
h0,325.508,991.000236085778,1
h0,294.629,992.000239982775,1
h0,263.546,993.000243879093,1
h0,232.801,994.00023477654,1
h0,202.53,995.000238675566,1
h0,172.257,996.000242574586,1
h0,141.364,997.00024647154,1
h0,110.537,998.000237368713,1
h0,79.064,999.000241263729,1
h0,46.9114,1000.00024515648,1
h0,15.0233,1001.000236050112,1
h0,17.2553,1002.000240057558,1
h0,48.1925,1003.000244160753,1
h0,79.1845,1004.000235264131,1
h0,110.741,1005.000239369393,1
h0,141.226,1006.00024347108,1
h0,170.146,1007.000234567547,1
h0,197.55,1008.000238658957,1
h0,223.707,1009.000242746208,1
h0,250.222,1010.00024683465,1
h0,276.753,1011.000237923147,1
h0,301.959,1012.000242007226,1
h0,325.931,1013.000246087187,1
h0,348.853,1014.000237163647,1
h0,371.439,1015.000241238986,1
