h0,381.422,973.000242272287,1
h0,342.472,974.000246142363,1
h0,304.001,975.000237014037,1
h0,266.852,976.000240890122,1
h0,230.971,977.000244770435,1
h0,195.626,978.000235652537,1
h0,159.131,979.000239530804,1
h0,122.418,980.000243408344,1
h0,87.0909,981.000234290504,1
h0,52.9743,982.000238176703,1
h0,19.9999,983.000242066713,1
h0,12.9805,984.000246043298,1
h0,44.3124,985.00023714781,1
h0,75.236,986.00024125096,1
h0,105.672,987.000245352483,1
h0,135.585,988.000236452263,1
h0,165.205,989.000240551065,1
h0,194.983,990.000244650394,1
h0,225.651,991.00023575269,1
h0,257.498,992.000239858919,1
h0,290.675,993.000243969589,1
h0,325.234,994.000235084865,1
h0,360.884,995.000239203781,1
