h0,413.149,955.000235378118,1
h0,373.502,956.00023924587,1
h0,333.867,957.000243113661,1
h0,294.174,958.000246981261,1
h0,254.505,959.000237848939,1
h0,214.801,960.000241716499,1
h0,175.139,961.000245584202,1
h0,135.432,962.000236451753,1
h0,95.7338,963.000240319334,1
h0,56.038,964.000244186922,1
h0,16.5868,965.000235055328,1
h0,22.6908,966.000239075688,1
h0,60.2212,967.000243200876,1
h0,96.9389,968.000234323353,1
h0,132.855,969.000238443155,1
h0,167.23,970.000242557818,1
h0,199.717,971.000246666183,1
h0,230.598,972.000237769194,1
h0,260.539,973.000241869065,1
h0,290.299,974.000245968333,1
h0,320.243,975.000237068216,1
h0,350.69,976.000241169775,1
