h0,389.906,953.000240300585,1
h0,359.383,954.000244198774,1
h0,328.75,955.000235096592,1
h0,298.079,956.000238994284,1
h0,267.364,957.000242891829,1
h0,236.588,958.000246789173,1
h0,205.798,959.000237686467,1
h0,175.011,960.000241583773,1
h0,144.218,961.000245481061,1
h0,113.372,962.000236378169,1
h0,82.535,963.000240275307,1
h0,51.7986,964.000244172782,1
h0,21.4391,965.000235071513,1
h0,12.2938,966.000239041008,1
h0,41.9703,967.000243139998,1
h0,72.7203,968.000234242569,1
h0,103.593,969.00023834555,1
h0,134.528,970.000242448738,1
h0,165.393,971.000246551691,1
h0,195.949,972.000237653615,1
h0,226.217,973.000241754578,1
h0,256.326,974.000245855012,1
h0,286.217,975.000236954716,1
h0,315.982,976.000241054001,1
h0,345.727,977.000245153223,1
h0,375.369,978.000236252095,1
