h0,407.067,974.000246357831,1
h0,376.792,975.000237256843,1
h0,346.771,976.000241156702,1
h0,316.929,977.000245057161,1
h0,287.262,978.000235958204,1
h0,257.663,979.00023985947,1
h0,228.187,980.00024376115,1
h0,198.826,981.000234663213,1
h0,169.51,982.000238565424,1
h0,139.625,983.000242465739,1
h0,106.789,984.000246356209,1
h0,72.6462,985.000237242322,1
h0,39.174,986.00024113067,1
h0,9.38081,987.000245031291,1
h0,23.7803,988.000236079323,1
h0,52.4731,989.000240175032,1
h0,81.7982,990.000244272849,1
h0,109.261,991.000235364457,1
h0,134.607,992.000239449,1
h0,158.148,993.000243527525,1
h0,180.09,994.000234600717,1
h0,200.614,995.000238669177,1
h0,219.961,996.00024273371,1
h0,238.262,997.000246794756,1
h0,255.693,998.000237852901,1
h0,272.466,999.000241908849,1
h0,288.799,1000.00024596333,1
h0,304.946,1001.000237017192,1
h0,321.226,1002.000241071494,1
h0,337.721,1003.000245126515,1
h0,354.524,1004.000236182566,1
h0,371.692,1005.00024023983,1
