h0,409.99,970.000243367579,1
h0,380.066,971.000247267762,1
h0,348.692,972.000238163111,1
h0,315.438,973.000242052188,1
h0,281.981,974.000245940586,1
h0,249.446,975.000236832064,1
h0,218.372,976.00024072841,1
h0,188.802,977.000244629776,1
h0,160.583,978.000235535648,1
h0,133.426,979.000239445062,1
h0,106.591,980.000243355551,1
h0,79.5177,981.000234265242,1
h0,53.2637,982.000238177668,1
h0,28.0008,983.0002420934,1
h0,4.69879,984.000246015673,1
h0,20.3583,985.000237067908,1
h0,43.0596,986.000241143631,1
h0,65.2246,987.000245217566,1
h0,86.8869,988.000236289823,1
h0,108.074,989.000240360498,1
h0,128.963,990.000244430173,1
h0,149.934,991.000235500127,1
h0,171.008,992.00023957042,1
h0,192.165,993.000243640992,1
h0,213.364,994.000234711707,1
h0,234.678,995.0002387828,1
h0,256.869,996.000242856822,1
h0,280.452,997.000246935487,1
h0,304.329,998.000238015131,1
h0,327.937,999.00024209388,1
h0,351.801,1000.000246173483,1
h0,376.362,1001.00023725541,1
