h0,408.914,954.000244363989,1
h0,380.31,955.000235268576,1
h0,351.853,956.000239173657,1
h0,323.53,957.000243079178,1
h0,295.776,958.000246986601,1
h0,269.009,959.000237897318,1
h0,243.102,960.000241810902,1
h0,218.077,961.000245727426,1
h0,193.722,962.000236646186,1
h0,169.956,963.000240566913,1
h0,146.042,964.000244487142,1
h0,121.555,965.000235405462,1
h0,96.5534,966.000239322068,1
h0,71.4158,967.000243238218,1
h0,46.3749,968.00023415469,1
h0,21.5228,969.000238071792,1
h0,4.83881,970.000242016141,1
h0,28.6242,971.00024609548,1
h0,53.2403,972.000237177591,1
h0,77.9568,973.000241260036,1
h0,103.425,974.00024534499,1
h0,129.873,975.00023643321,1
h0,157.582,976.000240525636,1
h0,186.572,977.000244622337,1
h0,215.321,978.000235718234,1
h0,243.334,979.000239811674,1
h0,270.594,980.000243902604,1
h0,297.168,981.000234991246,1
h0,323.087,982.000239077701,1
h0,348.368,983.000243162032,1
h0,373.002,984.0002472442,1
