h0,396.352,944.000243322088,1
h0,362.575,945.00024720942,1
h0,328.903,946.000238097101,1
h0,295.332,947.000241985122,1
h0,260.831,948.000245870038,1
h0,224.463,949.000236748729,1
h0,186.116,950.000240620816,1
h0,146.028,951.000244487096,1
h0,107.254,952.00023535776,1
h0,70.4548,953.000239235012,1
h0,35.4461,954.000243118235,1
h0,3.67782,955.000234012268,1
h0,30.5558,956.000238101923,1
h0,61.5118,957.000242205181,1
h0,91.6033,958.000246305556,1
h0,120.913,959.000237403323,1
h0,149.677,960.00024149927,1
h0,177.934,961.000245593524,1
h0,205.804,962.000236686489,1
h0,233.411,963.000240778576,1
h0,260.806,964.000244869955,1
h0,288.258,965.000235961525,1
h0,317.352,966.000240058571,1
h0,348.336,967.000244161925,1
