h0,400.703,975.0002373366,1
h0,370.284,976.000241235133,1
h0,340.287,977.000245135074,1
h0,310.597,978.000236036042,1
h0,281.108,979.000239937674,1
h0,251.799,980.000243839911,1
h0,222.683,981.000234742791,1
h0,193.699,982.000238646111,1
h0,164.875,983.000242549963,1
h0,136.07,984.000246453879,1
h0,107.364,985.000237358128,1
h0,78.7394,986.000241262646,1
h0,50.1838,987.000245167395,1
h0,21.7657,988.000236072603,1
h0,7.75807,989.000240025878,1
h0,36.7091,990.000244122448,1
h0,67.6561,991.000235225676,1
h0,100.421,992.000239334967,1
h0,134.937,993.000243450101,1
h0,171.24,994.000234571196,1
h0,209.442,995.000238698624,1
h0,249.625,996.000242832658,1
h0,291.523,997.000246972417,1
h0,333.841,998.000238113572,1
h0,375.599,999.000242252862,1
