h0,411.128,946.000238371374,1
h0,383.553,947.000242279395,1
h0,356.729,948.000246189919,1
h0,330.705,949.000237103112,1
h0,305.196,950.000241018024,1
h0,280.233,951.000244934757,1
h0,255.69,952.000235852891,1
h0,231.577,953.000239772459,1
h0,207.774,954.000243693061,1
h0,184.198,955.000234614419,1
h0,159.864,956.000238533248,1
h0,134.169,957.000242447541,1
h0,108.472,958.000246361822,1
h0,83.2305,959.000237277627,1
h0,55.5984,960.000241185456,1
h0,25.4201,961.000245084792,1
h0,8.16196,962.000236027225,1
h0,34.4591,963.000240114943,1
h0,65.2105,964.000244217519,1
h0,97.6931,965.000235325869,1
h0,131.593,966.000239438948,1
h0,165.603,967.000243552394,1
h0,199.076,968.000234664045,1
h0,232.121,969.000238774273,1
h0,264.785,970.000242883227,1
h0,297.106,971.00024699104,1
h0,329.09,972.000238097728,1
h0,361.008,973.000242204192,1
