h0,411.609,940.000240372981,1
h0,360.911,941.000244203871,1
h0,311.04,942.000235037517,1
h0,261.708,943.000238872963,1
h0,212.936,944.000242710278,1
h0,164.648,945.000246549205,1
h0,116.751,946.00023738944,1
h0,69.2347,947.000241230942,1
h0,22.1269,948.000245073807,1
h0,25.3417,949.000236084531,1
h0,72.0307,950.000240240268,1
h0,118.674,951.000244395853,1
h0,165.176,952.000235550966,1
h0,212.009,953.000239707187,1
h0,260.264,954.000243868149,1
h0,310.274,955.000235034964,1
h0,360.97,956.000239204065,1
