h0,408.681,956.000239363213,1
h0,380.464,957.00024326909,1
h0,352.203,958.000247174822,1
h0,323.934,959.000238080527,1
h0,295.589,960.000241985978,1
h0,267.237,961.000245891407,1
h0,238.849,962.000236796714,1
h0,210.455,963.000240702002,1
h0,182.035,964.000244607204,1
h0,153.593,965.000235512331,1
h0,125.138,966.000239417414,1
h0,96.7012,967.00024332256,1
h0,68.2845,968.000234227773,1
h0,39.8576,969.000238132951,1
h0,11.697,970.000242039017,1
h0,17.519,971.000246058437,1
h0,45.8485,972.000237152934,1
h0,74.3475,973.000241247996,1
h0,102.821,974.000245342973,1
h0,131.302,975.000236437975,1
h0,159.197,976.000240531025,1
h0,185.943,977.00024462024,1
h0,211.579,978.000235705751,1
h0,236.185,979.00023978783,1
h0,259.892,980.000243866906,1
h0,282.831,981.000234943424,1
h0,305.135,982.000239017822,1
h0,326.902,983.000243090427,1
h0,348.18,984.000247161405,1
h0,369.07,985.000238231085,1
