h0,379.032,945.000247264316,1
h0,336.615,946.000238122826,1
h0,292.299,947.000241975006,1
h0,246.121,948.000245820971,1
h0,199.345,949.000236664945,1
h0,152.376,950.000240508273,1
h0,105.156,951.000244350763,1
h0,57.902,952.00023519314,1
h0,11.5456,953.000239038512,1
h0,34.2156,954.000243114131,1
h0,77.6442,955.000234258993,1
h0,119.918,956.000238400004,1
h0,161.347,957.000242538196,1
h0,201.744,958.000246672944,1
h0,241.181,959.000237804492,1
h0,279.699,960.000241932976,1
h0,317.406,961.000246058751,1
h0,354.369,962.000237182046,1
