h0,404.843,988.00023735041,1
h0,386.55,989.000241289393,1
h0,369.276,990.000245231773,1
h0,352.786,991.000236176767,1
h0,336.838,992.000240123572,1
h0,321.32,993.000244071808,1
h0,306.127,994.00023502113,1
h0,291.231,995.000238971443,1
h0,276.605,996.000242922654,1
h0,262.083,997.000246874214,1
h0,247.568,998.000237825799,1
h0,233.11,999.000241777572,1
h0,218.677,1000.00024572943,1
h0,204.309,1001.000236681501,1
h0,190.03,1002.000240633871,1
h0,175.774,1003.000244586318,1
h0,161.422,1004.000235538445,1
h0,147.069,1005.000239490568,1
h0,132.689,1006.000243442603,1
h0,118.399,1007.000234394938,1
h0,103.943,1008.000238346717,1
h0,89.4307,1009.000242298309,1
h0,74.8432,1010.00024624965,1
h0,60.1681,1011.000237200699,1
h0,45.5208,1012.000241151841,1
h0,31.0411,1013.000245103542,1
h0,15.7774,1014.000236052628,1
h0,6.66207,1015.000240022222,1
h0,20.9837,1016.000244069994,1
h0,40.6278,1017.00023513552,1
h0,62.5348,1018.000239208593,1
h0,86.4563,1019.000243288387,1
h0,112.286,1020.000234374547,1
h0,139.892,1021.000238466629,1
h0,168.615,1022.000242562441,1
h0,196.613,1023.000246655831,1
h0,223.708,1024.00023774621,1
h0,250.045,1025.000241834061,1
h0,275.624,1026.000245919384,1
h0,300.488,1027.000237002321,1
h0,324.658,1028.000241082942,1
h0,348.298,1029.000245161796,1
h0,371.833,1030.000236240301,1
