h0,400.847,979.000240337081,1
h0,373.575,980.000244246113,1
h0,346.264,981.000235155012,1
h0,318.974,982.000239063984,1
h0,292.042,983.000242974146,1
h0,265.691,984.00024688625,1
h0,239.815,985.000237799937,1
h0,214.487,986.000241715452,1
h0,188.381,987.000245628372,1
h0,161.777,988.00023653963,1
h0,135.85,989.000240453147,1
h0,111.376,990.000244371509,1
h0,88.2528,991.00023529438,1
h0,65.8674,992.00023921971,1
h0,43.6241,993.000243145514,1
h0,20.57,994.000234068614,1
h0,8.39359,995.000238027998,1
h0,32.5986,996.000242108737,1
h0,60.5719,997.000246202046,1
h0,90.6023,998.000237302217,1
h0,122.4,999.000241408281,1
h0,155.902,1000.000245520032,1
h0,189.072,1001.000236630676,1
h0,221.263,1002.000240738055,1
h0,252.542,1003.000244842391,1
h0,282.967,1004.000235943877,1
h0,312.534,1005.000240042502,1
h0,342.519,1006.00024414252,1
h0,373.589,1007.000235246158,1
