h0,383.032,941.000244277658,1
h0,328.59,942.000235096058,1
h0,275.713,943.000238919679,1
h0,224.437,944.000242748642,1
h0,174.552,945.000246582244,1
h0,125.998,946.000237420285,1
h0,78.7045,947.00024126253,1
h0,32.6632,948.000245108953,1
h0,12.9727,949.000236043272,1
h0,56.8084,950.000240189492,1
h0,100.03,951.000244333664,1
h0,142.469,952.000235475226,1
h0,184.218,953.000239614487,1
h0,225.313,954.000243751563,1
h0,265.805,955.000234886629,1
h0,305.941,956.00023902051,1
h0,345.561,957.000243152666,1
