h0,9.08262,903.000234030296,1
h0,14.3415,904.000238047838,1
h0,19.5501,905.000242065212,1
h0,24.8461,906.000246082878,1
h0,30.1764,907.000237100658,1
h0,35.5099,908.000241118448,1
h0,40.7569,909.000245135951,1
h0,45.7128,910.000236152482,1
h0,47.718,911.00024015917,1
h0,45.8159,912.000244152825,1
h0,41.6992,913.000235139094,1
h0,38.6754,914.000239129007,1
h0,38.7774,915.000243129348,1
h0,42.0447,916.000234140246,1
h0,46.8658,917.000238156328,1
h0,53.0461,918.000242176943,1
h0,60.3235,919.000246201218,1
h0,68.4817,920.00023722843,1
h0,77.3464,921.000241258,1
h0,86.7118,922.000245289239,1
h0,96.4416,923.000236321694,1
h0,106.474,924.00024035516,1
h0,116.669,925.000244389164,1
h0,127.086,926.000235423912,1
h0,137.577,927.000239458907,1
h0,148.168,928.000243494234,1
h0,160.469,929.000234535266,1
h0,174.554,930.000238582249,1
h0,188.429,931.000242628531,1
h0,201.837,932.000246673257,1
h0,214.769,933.000237716391,1
h0,227.273,934.000241758101,1
h0,238.266,935.000245794768,1
h0,247.441,936.000236825376,1
h0,254.92,937.000240850321,1
h0,260.785,938.000244869884,1
h0,264.002,939.000235880616,1
h0,263.903,940.000239880284,1
h0,260.594,941.00024386925,1
h0,254.434,942.000234848701,1
h0,245.561,943.000238819102,1
h0,234.419,944.000242781937,1
h0,220.934,945.000246736955,1
h0,205.33,946.000237684907,1
h0,187.342,947.000241624906,1
h0,167.262,948.000245557926,1
h0,145.063,949.000236483877,1
h0,120.79,950.000240402913,1
h0,95.5778,951.000244318813,1
h0,71.7511,952.000235239336,1
h0,49.408,953.000239164807,1
h0,28.4976,954.000243095058,1
h0,9.22526,955.000234030772,1
h0,10.3076,956.000238034382,1
h0,27.2668,957.000242090952,1
h0,43.3588,958.000246144629,1
h0,58.4751,959.000237195052,1
h0,71.7159,960.000241239218,1
h0,82.2229,961.000245274266,1
h0,90.0719,962.000236300448,1
h0,95.639,963.000240319017,1
h0,98.8771,964.000244329819,1
h0,100.01,965.000235333597,1
h0,99.0246,966.00023933031,1
h0,96.1194,967.00024332062,1
h0,91.3739,968.00023430479,1
h0,85.2108,969.000238284233,1
h0,79.7452,970.000242266001,1
h0,75.1162,971.000246250561,1
h0,71.2136,972.000237237543,1
h0,67.9608,973.000241226693,1
h0,65.2134,974.000245217529,1
h0,62.9558,975.000236209998,1
h0,61.0769,976.000240203731,1
h0,59.5539,977.00024419865,1
h0,58.321,978.000235194538,1
h0,57.3505,979.000239191301,1
h0,56.5415,980.000243188602,1
h0,55.8928,981.000234186438,1
h0,55.3815,982.000238184733,1
h0,54.9878,983.00024218342,1
h0,54.9798,984.000246183393,1
h0,55.5468,985.000237185284,1
h0,56.4192,986.000241188194,1
h0,57.2331,987.000245190909,1
h0,57.8833,988.000236193078,1
h0,58.4726,989.000240195043,1
h0,58.8703,990.00024419637,1
h0,59.9092,991.000235199836,1
h0,62.0806,992.000239207079,1
h0,64.3412,993.000243214619,1
h0,66.4727,994.000234221729,1
h0,68.3566,995.000238228013,1
h0,69.9867,996.000242233451,1
h0,71.5375,997.000246238623,1
h0,72.8148,998.000237242884,1
h0,73.8687,999.0002412464,1
h0,74.7653,1000.00024524939,1
h0,75.4728,1001.00023625175,1
h0,76.0347,1002.000240253625,1
h0,76.469,1003.000244255073,1
h0,76.7206,1004.000235255913,1
h0,76.8773,1005.000239256435,1
h0,77.0273,1006.000243256935,1
h0,77.5513,1007.000234258683,1
h0,78.6809,1008.000238262451,1
h0,80.1814,1009.000242267457,1
h0,82.3864,1010.000246274811,1
h0,85.7767,1011.00023728612,1
h0,90.4684,1012.00024130177,1
h0,96.8459,1013.000245323043,1
h0,104.888,1014.00023634987,1
h0,115.604,1015.000240385612,1
