h0,411.248,975.000245371777,1
h0,388.278,976.000236295157,1
h0,365.29,977.000240218475,1
h0,342.217,978.000244141515,1
h0,319.223,979.000235064813,1
h0,296.14,980.000238987816,1
h0,272.985,981.000242910581,1
h0,249.795,982.000246833227,1
h0,226.508,983.00023775555,1
h0,203.14,984.000241677601,1
h0,179.671,985.000245599317,1
h0,156.065,986.000236520576,1
h0,132.364,987.000240441517,1
h0,108.558,988.00024436211,1
h0,84.6668,989.000235282418,1
h0,60.7197,990.000239202539,1
h0,36.7865,991.000243122706,1
h0,13.5772,992.000234045289,1
h0,13.9512,993.000238046536,1
h0,37.4231,994.00024212483,1
h0,61.7836,995.000246206088,1
h0,86.3096,996.000237287898,1
h0,110.938,997.000241370049,1
h0,135.707,998.00024545267,1
h0,160.507,999.000236535395,1
h0,185.359,1000.00024061829,1
h0,210.199,1001.000244701148,1
h0,235.121,1002.000235784278,1
h0,260.065,1003.000239867483,1
h0,285.024,1004.000243950738,1
h0,310.062,1005.000235034254,1
h0,335.087,1006.000239117729,1
h0,360.096,1007.000243201152,1
