h0,392.096,940.00024030789,1
h0,353.572,941.000244179389,1
h0,315.393,942.000235052038,1
h0,277.491,943.000238925609,1
h0,239.553,944.000242799062,1
h0,201.67,945.000246672698,1
h0,163.894,946.000237546692,1
h0,126.178,947.000241420884,1
h0,88.5827,948.00024529548,1
h0,51.107,949.000236170475,1
h0,13.923,950.000240046442,1
h0,24.0425,951.000244080197,1
h0,61.3082,952.000235204502,1
h0,98.5802,953.000239328828,1
h0,136.276,954.000243454567,1
h0,175.681,955.000234586008,1
h0,217.049,956.000238723996,1
h0,260.282,957.000242868206,1
h0,305.478,958.000247018966,1
h0,352.384,959.000238175427,1
