h0,395.137,973.000242318036,1
h0,374.184,974.000246248142,1
h0,354.119,975.000237181215,1
h0,334.846,976.000241116926,1
h0,316.306,977.000245055085,1
h0,298.41,978.000235995389,1
h0,281.108,979.000239937674,1
h0,264.328,980.000243881704,1
h0,247.972,981.000234827145,1
h0,232.008,982.000238773894,1
h0,215.933,983.000242720275,1
h0,199.1,984.000246664125,1
h0,182.805,985.000237609773,1
h0,167.038,986.000241557178,1
h0,151.716,987.00024550607,1
h0,136.835,988.000236456433,1
h0,122.314,989.000240407994,1
h0,108.092,990.000244360557,1
h0,94.1542,991.000235314065,1
h0,80.435,992.000239268302,1
h0,66.6763,993.000243222408,1
h0,52.7323,994.000234175896,1
h0,38.7786,995.000238129351,1
h0,24.9104,996.000242083092,1
h0,11.7668,997.00024603925,1
h0,7.76965,998.000237025917,1
h0,19.6876,999.000241065671,1
h0,33.4414,1000.000245111548,1
h0,47.4673,1001.000236158334,1
h0,61.4821,1002.000240205082,1
h0,75.6257,1003.00024425226,1
h0,91.6825,1004.00023530582,1
h0,109.529,1005.00023936535,1
h0,129.397,1006.000243431621,1
h0,151.109,1007.000234504045,1
h0,174.452,1008.00023858191,1
h0,199.567,1009.000242665685,1
h0,226.447,1010.000246755346,1
h0,255.123,1011.000237850999,1
h0,285.621,1012.000241952728,1
h0,316.844,1013.000246056877,1
h0,348.05,1014.000237160969,1
h0,379.185,1015.000241264824,1
