h0,403.025,975.000237344347,1
h0,380.714,976.000241269926,1
h0,358.35,977.000245195327,1
h0,335.677,978.000236119697,1
h0,312.606,979.00024004274,1
h0,289.332,980.000243965107,1
h0,265.973,981.00023488719,1
h0,242.507,982.000238808915,1
h0,218.829,983.000242729934,1
h0,194.458,984.000246648643,1
h0,169.816,985.000237566446,1
h0,144.956,986.00024148352,1
h0,120.082,987.00024540055,1
h0,95.2233,988.000236317631,1
h0,69.8068,989.00024023285,1
h0,43.0915,990.000244143738,1
h0,16.5776,991.000235055297,1
h0,14.1304,992.000239047134,1
h0,41.6588,993.000243138959,1
h0,69.6473,994.000234232318,1
h0,97.4143,995.000238324939,1
h0,124.726,996.000242416042,1
h0,151.672,997.000246505923,1
h0,178.105,998.000237594096,1
h0,204.313,999.000241681515,1
h0,230.184,1000.000245767811,1
h0,255.73,1001.000236853023,1
h0,280.948,1002.000240937142,1
h0,305.916,1003.000245020425,1
h0,331.274,1004.00023610501,1
h0,358.367,1005.000240195383,1
