h0,398.119,951.000245327982,1
h0,353.344,952.00023617863,1
h0,306.665,953.000240022924,1
h0,257.884,954.000243860209,1
h0,208.157,955.000234694337,1
h0,160.234,956.000238534485,1
h0,114.175,957.000242380847,1
h0,69.8372,958.000246232952,1
h0,27.1319,959.000237090502,1
h0,14.8698,960.0002410496,1
h0,54.3609,961.000245181329,1
h0,93.018,962.000236310275,1
h0,131.199,963.000240437632,1
h0,169.061,964.000244563927,1
h0,206.414,965.000235688522,1
h0,243.349,966.000239811726,1
h0,279.931,967.000243933749,1
h0,316.207,968.000235054752,1
h0,352.259,969.00023917501,1
