h0,409.961,941.000244367482,1
h0,377.49,942.00023525917,1
h0,343.098,943.000239144451,1
h0,306.646,944.000243022862,1
h0,269.003,945.000246897297,1
h0,231.56,946.0002377724,1
h0,193.711,947.000241646151,1
h0,154.937,948.000245516815,1
h0,114.82,949.000236383,1
h0,73.2195,950.000240244234,1
h0,30.0729,951.000244100312,1
h0,15.4126,952.000235051411,1
h0,61.8462,953.000239206297,1
h0,110.215,954.000243367639,1
h0,161.308,955.000234538065,1
h0,215.629,956.000238719262,1
h0,273.052,957.000242910805,1
h0,331.654,958.000247106278,1
