h0,408.473,964.000240362519,1
h0,379.381,965.000244265479,1
h0,351.323,966.000235171886,1
h0,324.151,967.000239081252,1
h0,297.766,968.000242993241,1
h0,272.121,969.000246907698,1
h0,246.917,970.000237823628,1
h0,222.236,971.000241741298,1
h0,198,972.000245660457,1
h0,174.036,973.000236580522,1
h0,150.349,974.000240501512,1
h0,126.869,975.000244423189,1
h0,103.623,976.000235345648,1
h0,80.5453,977.00023926867,1
h0,57.5979,978.000243192126,1
h0,34.9208,979.000234116483,1
h0,13.1727,980.00023804394,1
h0,13.2655,981.000242044249,1
h0,35.8213,982.000246119487,1
h0,59.2866,983.000237197759,1
h0,82.9464,984.000241276679,1
h0,106.297,985.000245354568,1
h0,129.015,986.000236430346,1
h0,151.042,987.000240503822,1
h0,172.485,988.00024457535,1
h0,193.355,989.000235644963,1
h0,213.622,990.000239712567,1
h0,233.524,991.000243778951,1
h0,253.066,992.000234844136,1
h0,272.215,993.000238908012,1
h0,291.083,994.00024297095,1
h0,310.477,995.000247035639,1
h0,331.117,996.000238104489,1
h0,352.864,997.000242177028,1
h0,374.813,998.000246250241,1
