h0,398.732,951.000245330026,1
h0,359.49,952.000236199131,1
h0,321.207,953.000240071432,1
h0,283.832,954.00024394676,1
h0,246.879,955.0002348235,1
h0,210.028,956.000238700578,1
h0,173.955,957.00024258025,1
h0,139.306,958.000246464673,1
h0,105.961,959.000237353449,1
h0,73.8302,960.000241246271,1
h0,42.7462,961.000245142586,1
h0,12.4411,962.000236041499,1
h0,19.0343,963.000240063492,1
h0,49.4936,964.000244165093,1
h0,79.7333,965.000235265962,1
h0,109.414,966.000239364965,1
h0,138.562,967.000243462192,1
h0,167.335,968.000234558169,1
h0,195.635,969.000238652567,1
h0,223.63,970.000242745948,1
h0,251.315,971.000246838297,1
h0,278.791,972.000237929946,1
h0,306.02,973.000242020772,1
h0,333.102,974.000246111108,1
h0,360.006,975.000237200852,1
