h0,403.591,951.000245346233,1
h0,363.554,952.000236212687,1
h0,323.842,953.00024008022,1
h0,284.32,954.00024394839,1
h0,245.068,955.000234817458,1
h0,205.692,956.000238686114,1
h0,165.029,957.000242550477,1
h0,124.691,958.000246415924,1
h0,86.3028,959.000237287875,1
h0,49.6467,960.000241165604,1
h0,15.2802,961.000245050969,1
h0,21.2116,962.000236070754,1
h0,53.4111,963.00024017816,1
h0,84.3735,964.00024428144,1
h0,114.293,965.000235381241,1
h0,143.234,966.000239477778,1
h0,171.273,967.000243571306,1
h0,198.628,968.000234662551,1
h0,225.365,969.000238751736,1
h0,251.565,970.000242839131,1
h0,277.371,971.000246925212,1
h0,302.757,972.000238009887,1
h0,327.837,973.000242093548,1
h0,352.649,974.000246176312,1
h0,377.229,975.000237258301,1
