h0,399.898,959.000238333917,1
h0,369.844,960.000242233665,1
h0,339.847,961.000246133609,1
h0,309.87,962.000237033616,1
h0,279.861,963.000240933517,1
h0,249.87,964.000244833475,1
h0,219.665,965.000235732722,1
h0,189.275,966.000239631352,1
h0,158.675,967.000243529284,1
h0,127.988,968.000234426921,1
h0,97.1449,969.000238324041,1
h0,66.3154,970.000242221204,1
h0,35.6157,971.000246118801,1
h0,7.65451,972.000237025533,1
h0,27.4239,973.000241091476,1
h0,57.83,974.0002451929,1
h0,88.4704,975.000236295105,1
h0,119.029,976.000240397039,1
h0,149.594,977.000244498992,1
h0,180.107,978.000235600773,1
h0,210.511,979.000239702188,1
h0,240.873,980.000243803464,1
h0,271.152,981.000234904467,1
h0,301.374,982.000239005276,1
h0,331.398,983.000243105423,1
h0,360.942,984.000247203972,1
