h0,392.543,956.000239309383,1
h0,356.308,957.000243188516,1
h0,318.293,958.000247061712,1
h0,278.453,959.00023792882,1
h0,237.029,960.000241790644,1
h0,195.271,961.000245651354,1
h0,153.373,962.000236511597,1
h0,110.754,963.000240369435,1
h0,66.355,964.000244221337,1
h0,20.0866,965.000235067002,1
h0,28.5903,966.000239095367,1
h0,76.9665,967.000243256732,1
h0,125.416,968.000234418344,1
h0,173.919,969.00023858013,1
h0,222.406,970.000242741867,1
h0,270.859,971.000246903488,1
h0,319.369,972.000238065301,1
h0,367.842,973.000242226989,1
