h0,394.774,972.000238316825,1
h0,369.651,973.000242233023,1
h0,343.466,974.000246145678,1
h0,316.252,975.000237054903,1
h0,288.913,976.00024096371,1
h0,261.438,977.000244872064,1
h0,233.916,978.00023578026,1
h0,206.449,979.000239688641,1
h0,178.785,980.000243596363,1
h0,151.086,981.000234503969,1
h0,123.304,982.000238411299,1
h0,95.5441,983.000242318701,1
h0,67.7848,984.000246226106,1
h0,40.1585,985.000237133954,1
h0,13.3795,986.000241044629,1
h0,17.3462,987.000245057861,1
h0,44.4975,988.000236148428,1
h0,72.211,989.00024024087,1
h0,99.9495,990.000244333396,1
h0,127.827,991.000235426386,1
h0,155.776,992.000239519614,1
h0,183.673,993.000243612666,1
h0,211.5,994.000234705489,1
h0,239.391,995.000238798523,1
h0,267.339,996.000242891748,1
h0,295.295,997.000246984997,1
h0,323.251,998.000238078248,1
h0,351.21,999.000242171511,1
