h0,377.672,946.000238259777,1
h0,333.017,947.000242110824,1
h0,288.579,948.000245962597,1
h0,244.84,949.000236816697,1
h0,201.788,950.000240673091,1
h0,159.369,951.000244531598,1
h0,117.421,952.000235391676,1
h0,75.8819,953.000239253115,1
h0,34.8305,954.000243116182,1
h0,6.93408,955.00023402313,1
h0,46.69,956.000238155741,1
h0,86.7349,957.000242289317,1
h0,126.499,958.000246421956,1
h0,165.984,959.000237553665,1
h0,205.197,960.000241684462,1
h0,244.425,961.000245815313,1
h0,283.911,962.000236947025,1
h0,322.485,963.000241075693,1
h0,359.662,964.000245199703,1
