h0,404.093,983.000242347909,1
h0,380.729,984.000246269974,1
h0,357.334,985.000237191939,1
h0,334.006,986.000241114123,1
h0,310.688,987.000245036345,1
h0,287.33,988.000235958429,1
h0,264.041,989.000239880746,1
h0,240.74,990.000243803022,1
h0,217.465,991.000234725386,1
h0,194.159,992.000238647645,1
h0,170.901,993.000242570063,1
h0,147.633,994.000246492451,1
h0,124.402,995.000237414962,1
h0,101.17,996.000241337467,1
h0,77.9555,997.000245260032,1
h0,54.7755,998.000236182711,1
h0,31.7972,999.000240106064,1
h0,10.1378,1000.000244033816,1
h0,16.6725,1001.000235055614,1
h0,39.1618,1002.00023913063,1
h0,62.2326,1003.000243207586,1
h0,85.4125,1004.000234284905,1
h0,108.617,1005.000238362306,1
h0,131.838,1006.000242439763,1
h0,155.003,1007.000246517034,1
h0,178.242,1008.000237594553,1
h0,201.362,1009.000241671673,1
h0,224.312,1010.000245748225,1
h0,247.096,1011.000236824224,1
h0,269.657,1012.000240899479,1
h0,292.139,1013.000244974471,1
h0,314.497,1014.00023604905,1
h0,336.757,1015.000240123301,1
h0,359.098,1016.000244197821,1
