h0,382.108,948.000246274575,1
h0,341.57,949.000237139353,1
h0,301.172,950.000241004603,1
h0,260.906,951.00024487029,1
h0,220.697,952.000235736167,1
h0,180.597,953.000239602408,1
h0,140.556,954.000243468846,1
h0,100.582,955.000234335505,1
h0,60.7133,956.000238202518,1
h0,20.9746,957.000242069964,1
h0,19.1275,958.000246063802,1
h0,57.7617,959.000237192672,1
h0,94.8521,960.000241316393,1
h0,130.303,961.000245434644,1
h0,164.277,962.000236547969,1
h0,198.056,963.000240660644,1
h0,231.733,964.000244772978,1
h0,264.074,965.000235880857,1
h0,295.169,966.000239984578,1
h0,325.084,967.000244084363,1
h0,354.004,968.000235180831,1
