h0,377.673,944.00024325978,1
h0,333.818,945.000247113498,1
h0,290.309,946.000237968365,1
h0,247.141,947.000241824373,1
h0,204.298,948.000245681465,1
h0,161.971,949.000236540277,1
h0,120.135,950.000240400727,1
h0,78.6157,951.000244262234,1
h0,37.52,952.000235125153,1
h0,4.75781,953.00023901587,1
h0,44.2796,954.000243147701,1
h0,84.5964,955.000234282183,1
h0,124.756,956.000238416141,1
h0,164.488,957.000242548672,1
h0,203.959,958.000246680334,1
h0,243.14,959.000237811029,1
h0,282.359,960.000241941849,1
h0,321.705,961.000246073092,1
h0,360.852,962.000237203673,1
