h0,412.536,942.000235376072,1
h0,376.938,943.000239257328,1
h0,341.709,944.000243139819,1
h0,306.928,945.000247023802,1
h0,272.473,946.000237908872,1
h0,238.217,947.000241794605,1
h0,204.062,948.000245680678,1
h0,169.864,949.000236566606,1
h0,135.192,950.000240450952,1
h0,99.8004,951.000244332898,1
h0,63.575,952.000235212063,1
h0,27.648,953.000239092224,1
h0,10.0418,954.000243033496,1
h0,42.5333,955.000234141876,1
h0,79.346,956.00023826467,1
h0,118.162,957.000242394146,1
h0,157.252,958.000246524537,1
h0,196.268,959.00023765468,1
h0,235.342,960.000241785017,1
h0,274.353,961.000245915144,1
h0,313.355,962.000237045238,1
h0,352.347,963.000241175304,1
