h0,411.489,1011.000246372581,1
h0,394.769,1012.000237316808,1
h0,377.579,1013.000241259469,1
h0,359.858,1014.000245200356,1
h0,341.678,1015.000236139716,1
h0,323.063,1016.000240077621,1
h0,304.152,1017.000244014541,1
h0,284.968,1018.00023495055,1
h0,265.545,1019.000238885764,1
h0,245.832,1020.000242820008,1
h0,225.955,1021.000246753705,1
h0,205.982,1022.000237687081,1
h0,185.895,1023.000241620078,1
h0,165.668,1024.000245552609,1
h0,145.367,1025.000236484893,1
h0,124.949,1026.000240416786,1
h0,104.479,1027.000244348503,1
h0,84.0149,1028.000235280244,1
h0,63.5356,1029.000239211932,1
h0,43.0057,1030.000243143451,1
h0,22.7469,1031.000234075876,1
h0,6.4519,1032.000238021521,1
h0,21.8335,1033.000242072829,1
h0,43.3502,1034.000246144601,1
h0,65.3839,1035.000237218097,1
h0,87.6562,1036.00024129239,1
h0,110.132,1037.000245367362,1
h0,132.742,1038.000236442778,1
h0,155.493,1039.000240518668,1
h0,178.351,1040.000244594914,1
h0,201.282,1041.000235671404,1
h0,224.265,1042.000239748067,1
h0,247.302,1043.000243824912,1
h0,270.454,1044.000234902136,1
h0,293.639,1045.000238979474,1
h0,316.872,1046.000243056973,1
h0,340.121,1047.000247134522,1
h0,363.615,1048.00023821289,1
