h0,391.563,985.000238306113,1
h0,362.722,986.000242209911,1
h0,333.292,987.000246111741,1
h0,304.344,988.000237015182,1
h0,275.908,989.00024092033,1
h0,246.125,990.000244820985,1
h0,214.679,991.000235716093,1
h0,182.995,992.000239610407,1
h0,152.046,993.000243507172,1
h0,121.982,994.00023440689,1
h0,92.7373,995.000238309338,1
h0,64.0794,996.000242213746,1
h0,36.0556,997.000246120268,1
h0,9.9513,998.000237033194,1
h0,20.3879,999.000241068007,1
h0,45.6971,1000.000245152429,1
h0,70.6098,1001.000236235529,1
h0,94.9465,1002.000240316708,1
h0,118.724,1003.000244396022,1
h0,142.061,1004.000235473864,1
h0,165.062,1005.000239550589,1
h0,187.872,1006.000243626673,1
h0,210.473,1007.000234702061,1
h0,232.894,1008.00023877685,1
h0,255.95,1009.000242853758,1
h0,279.967,1010.00024693387,1
h0,304.039,1011.000238014165,1
h0,328.322,1012.000242095164,1
h0,354.43,1013.000246182251,1
