h0,400.315,969.000239335306,1
h0,377.852,970.000243260379,1
h0,355.627,971.000247186244,1
h0,333.414,972.000238112151,1
h0,311.145,973.000242037868,1
h0,288.852,974.000245963508,1
h0,266.606,975.000236889301,1
h0,244.326,976.000240814985,1
h0,222.031,977.000244740615,1
h0,199.819,978.000235666526,1
h0,177.615,979.00023959246,1
h0,155.39,980.000243518326,1
h0,133.199,981.000234444306,1
h0,111.152,982.000238370764,1
h0,89.2141,983.000242297586,1
h0,67.5044,984.000246225171,1
h0,46.071,985.000237153676,1
h0,24.9831,986.000241083335,1
h0,6.74773,987.000245022508,1
h0,21.9764,988.000236073305,1
h0,44.7411,989.00024014924,1
h0,67.5053,990.000244225174,1
h0,90.069,991.000235300438,1
h0,112.338,992.00023937472,1
h0,135.029,993.000243450408,1
h0,158.794,994.000234529681,1
h0,183.914,995.000238613472,1
h0,209.383,996.000242698428,1
h0,234.825,997.00024678329,1
h0,260.242,998.000237868075,1
h0,286.035,999.000241954109,1
h0,313.276,1000.000246044975,1
h0,341.416,1001.000237138841,1
h0,368.923,1002.000241230594,1
