h0,406.014,989.000241354318,1
h0,383.645,990.000245279701,1
h0,361.913,991.000236207211,1
h0,340.751,992.000240136623,1
h0,319.8,993.000244066738,1
h0,298.557,994.000234995879,1
h0,276.613,995.000238922683,1
h0,254.1,996.000242847587,1
h0,231.376,997.000246771788,1
h0,208.523,998.000237695557,1
h0,185.454,999.000241618609,1
h0,162.349,1000.000245541539,1
h0,139.077,1001.000236463912,1
h0,115.492,1002.00024038524,1
h0,91.2354,1003.000244304329,1
h0,66.9075,1004.000235223179,1
h0,42.5059,1005.000239141784,1
h0,18.5743,1006.000243061957,1
h0,9.6657,1007.000234032241,1
h0,32.6122,1008.000238108783,1
h0,57.0804,1009.0002421904,1
h0,81.7401,1010.000246272656,1
h0,106.505,1011.000237355262,1
h0,131.312,1012.00024143801,1
h0,156.146,1013.000245520845,1
h0,180.997,1014.00023660374,1
h0,205.856,1015.000240686661,1
h0,230.782,1016.000244769805,1
h0,255.707,1017.000235852946,1
h0,280.65,1018.000239936146,1
h0,305.563,1019.000244019249,1
h0,330.489,1020.000235102394,1
h0,355.466,1021.000239185707,1
