h0,404.224,942.000235348346,1
h0,372.149,943.000239241355,1
h0,340.691,944.000243136423,1
h0,309.777,945.000247033304,1
h0,279.353,946.00023793182,1
h0,249.281,947.000241831513,1
h0,219.58,948.000245732439,1
h0,190.124,949.000236634186,1
h0,160.849,950.000240536535,1
h0,131.761,951.000244439507,1
h0,102.846,952.000235343059,1
h0,74.0989,953.000239247167,1
h0,45.4736,954.000243151683,1
h0,17.059,955.000234056903,1
h0,12.2301,956.000238040795,1
h0,40.3857,957.000242134712,1
h0,68.7906,958.000246229461,1
h0,97.1384,959.000237324019,1
h0,125.487,960.000241418579,1
h0,153.816,961.000245513075,1
h0,182.166,962.000236607639,1
h0,210.501,963.000240702154,1
h0,238.75,964.000244796386,1
h0,267.012,965.000235890656,1
h0,295.306,966.000239985034,1
h0,323.688,967.000244079706,1
h0,353.212,968.00023517819,1
