h0,414.828,962.000237383717,1
h0,391.58,963.000241306169,1
h0,368.105,964.000245227866,1
h0,344.459,965.000236148991,1
h0,320.774,966.000240069988,1
h0,296.907,967.000243990375,1
h0,272.948,968.000234910457,1
h0,248.929,969.000238830337,1
h0,224.789,970.000242749816,1
h0,200.626,971.000246669215,1
h0,176.412,972.000237588447,1
h0,151.698,973.000241506008,1
h0,125.099,974.000245417285,1
h0,96.6138,975.000236322269,1
h0,66.1367,976.000240220608,1
h0,33.7962,977.000244112732,1
h0,3.20736,978.000235010699,1
h0,35.1167,979.000239117137,1
h0,69.068,980.000243230386,1
h0,102.31,981.000234341271,1
h0,136.303,982.000238454658,1
h0,171.427,983.000242571819,1
h0,206.353,984.000246688318,1
h0,241.134,985.000237804336,1
h0,274.78,986.000241916567,1
h0,306.311,987.000246021742,1
h0,335.97,988.000237120676,1
h0,364.084,989.000241214455,1
