h0,411.445,990.000244372433,1
h0,388.141,991.000235294699,1
h0,365.769,992.000239220075,1
h0,344.383,993.000243148739,1
h0,323.791,994.000247080049,1
h0,303.827,995.000238013459,1
h0,284.367,996.000241948546,1
h0,265.357,997.000245885135,1
h0,246.085,998.000236820853,1
h0,225.141,999.00024075099,1
h0,203.343,1000.000244678279,1
h0,182.577,1001.000235609012,1
h0,162.614,1002.000239542422,1
h0,143.221,1003.000243477733,1
h0,124.317,1004.000234414677,1
h0,105.826,1005.000238352997,1
h0,87.5999,1006.000242292202,1
h0,69.5947,1007.000246232143,1
h0,51.7906,1008.000237172755,1
h0,34.1757,1009.000241113998,1
h0,17.0619,1010.000245056912,1
h0,6.6755,1011.000236022267,1
h0,20.574,1012.000240068627,1
h0,37.687,1013.00024412571,1
h0,55.0586,1014.000235183656,1
h0,72.5217,1015.000239241906,1
h0,89.9565,1016.000243300063,1
h0,107.488,1017.000234358541,1
h0,124.953,1018.000238416798,1
h0,142.485,1019.000242475279,1
h0,159.975,1020.000246533619,1
h0,177.513,1021.00023759212,1
h0,194.989,1022.000241650414,1
h0,212.498,1023.000245708817,1
h0,229.995,1024.00023676718,1
h0,247.513,1025.000240825615,1
h0,265.032,1026.000244884053,1
h0,282.568,1027.000235942544,1
h0,300.044,1028.000240000841,1
h0,317.5,1029.000244059065,1
h0,334.994,1030.000235117418,1
h0,352.469,1031.00023917571,1
h0,369.989,1032.000243234152,1
