h0,402.001,961.000246340932,1
h0,375.59,962.000237252833,1
h0,349.165,963.000241164689,1
h0,322.794,964.000245076725,1
h0,296.399,965.000235988679,1
h0,270.021,966.000239900692,1
h0,243.657,967.000243812751,1
h0,217.274,968.000234724748,1
h0,190.909,969.000238636805,1
h0,164.541,970.000242548849,1
h0,138.164,971.000246460866,1
h0,110.998,972.000237370251,1
h0,82.4144,973.000241274905,1
h0,53.9647,974.000245180007,1
h0,26.4599,975.000236088261,1
h0,6.58746,976.000240021973,1
h0,28.9621,977.000244096607,1
h0,54.8711,978.00023518303,1
h0,80.589,979.000239268816,1
h0,106.077,980.000243353835,1
h0,131.313,981.000234438013,1
h0,156.408,982.000238521722,1
h0,181.339,983.000242604882,1
h0,206.171,984.000246687713,1
h0,230.821,985.000237769937,1
h0,255.302,986.000241851595,1
h0,279.851,987.000245933484,1
h0,304.374,988.000237015281,1
h0,328.803,989.000241096769,1
h0,353.173,990.000245178057,1
h0,377.534,991.000236259317,1
