h0,401.9,969.000243340593,1
h0,379.375,970.000247265459,1
h0,356.472,971.000238189063,1
h0,333.323,972.000242111847,1
h0,309.961,973.000246033918,1
h0,286.365,974.00023695521,1
h0,262.63,975.000240876039,1
h0,238.75,976.000244796384,1
h0,214.801,977.000235716498,1
h0,190.709,978.000239636138,1
h0,166.546,979.000243555537,1
h0,142.315,980.000234474712,1
h0,118.033,981.000238393716,1
h0,93.7492,982.000242312714,1
h0,69.6791,983.000246232425,1
h0,45.9815,984.000237153378,1
h0,22.886,985.000241076339,1
h0,6.51825,986.000245021743,1
h0,24.9893,987.000236083355,1
h0,47.2838,988.000240157722,1
h0,69.5871,989.000244232117,1
h0,91.6843,990.000235305826,1
h0,113.605,991.000239378946,1
h0,135.395,992.000243451629,1
h0,156.974,993.000234523609,1
h0,178.407,994.0002385951,1
h0,199.708,995.000242666153,1
h0,220.857,996.0002467367,1
h0,241.908,997.000237806919,1
h0,262.865,998.000241876822,1
h0,283.741,999.000245946457,1
h0,304.54,1000.000237015835,1
h0,325.291,1001.000241085054,1
h0,345.997,1002.000245154123,1
h0,366.615,1003.000236222896,1
