h0,394.465,949.000237315793,1
h0,357.189,950.000241191453,1
h0,319.965,951.000245067287,1
h0,282.693,952.000235942963,1
h0,245.427,953.000239818656,1
h0,208.212,954.000243694519,1
h0,171.005,955.000234570411,1
h0,133.835,956.000238446427,1
h0,96.6842,957.000242322504,1
h0,59.5666,958.000246198693,1
h0,22.5857,959.000237075338,1
h0,15.1494,960.000241050533,1
h0,52.0549,961.000245173636,1
h0,89.1264,962.000236297294,1
h0,126.229,963.000240421053,1
h0,163.376,964.000244544962,1
h0,200.478,965.000235668721,1
h0,237.614,966.000239792594,1
h0,274.766,967.000243916521,1
h0,311.917,968.000235040443,1
h0,349.046,969.000239164291,1
