h0,400.495,967.000244335908,1
h0,375.873,968.000235253778,1
h0,351.336,969.000239171931,1
h0,326.877,970.000243090343,1
h0,301.581,971.000247005966,1
h0,276.533,972.000237922415,1
h0,252.387,973.000241841873,1
h0,228.978,974.000245763789,1
h0,206.231,975.000236687912,1
h0,183.953,976.000240613601,1
h0,162.041,977.000244540511,1
h0,140.471,978.000235468562,1
h0,119.106,979.000239397296,1
h0,97.972,980.000243326799,1
h0,76.9652,981.000234256728,1
h0,56.1394,982.000238187261,1
h0,35.5276,983.000242118507,1
h0,15.5515,984.000246051874,1
h0,8.65343,985.000237028865,1
h0,25.7975,986.000241086051,1
h0,43.7823,987.000245146042,1
h0,64.0853,988.000236213765,1
h0,86.4852,989.000240288484,1
h0,110.822,990.000244369664,1
h0,136.139,991.000235454112,1
h0,161.539,992.000239538835,1
h0,186.947,993.000243623588,1
h0,212.384,994.000234708436,1
h0,237.896,995.000238793537,1
h0,263.345,996.000242878426,1
h0,288.726,997.000246963086,1
h0,313.898,998.000238047052,1
h0,338.844,999.000242130262,1
h0,363.84,1000.000246213639,1
