h0,389.861,939.000236300437,1
h0,355.293,940.000240185131,1
h0,321.122,941.000244071146,1
h0,287.282,942.00023495827,1
h0,253.809,943.000238846616,1
h0,219.812,944.000242733214,1
h0,184.722,945.000246616168,1
h0,148.214,946.00023749439,1
h0,110.345,947.00024136807,1
h0,70.8695,948.000245236395,1
h0,30.1128,949.000236100445,1
h0,11.7066,950.000240039049,1
h0,52.7412,951.000244175926,1
h0,94.2157,952.00023531427,1
h0,135.865,953.000239453197,1
h0,177.617,954.000243592466,1
h0,219.477,955.000234732097,1
h0,261.432,956.000238872043,1
h0,303.49,957.000243012334,1
h0,345.583,958.000247152741,1
