h0,366.711,954.000244223215,1
h0,319.501,955.000235065741,1
h0,274.184,956.000238914581,1
h0,230.634,957.000242769311,1
h0,188.696,958.000246629421,1
h0,148.302,959.000237494681,1
h0,109.299,960.000241364583,1
h0,71.5972,961.000245238823,1
h0,35.1145,962.000236117129,1
h0,3.24157,963.000240010813,1
h0,35.3349,964.000244117865,1
h0,69.5574,965.000235232018,1
h0,103.321,966.00023934464,1
h0,136.501,967.000243455319,1
h0,169.227,968.000234564482,1
h0,201.663,969.000238672674,1
h0,234.043,970.000242780684,1
h0,266.584,971.00024688923,1
h0,299.476,972.000237998944,1
h0,332.76,973.000242109967,1
h0,366.339,974.000246221976,1
