h0,373.616,937.000241246249,1
h0,331.572,938.000245106004,1
h0,289.596,939.000235965988,1
h0,246.522,940.000239822308,1
h0,203.473,941.000243678712,1
h0,161.49,942.000234538672,1
h0,120.523,943.000238402021,1
h0,80.4199,944.000242268252,1
h0,41.5579,945.000246138622,1
h0,7.28154,946.000237024289,1
h0,33.4228,947.000241111487,1
h0,68.2527,948.000245227666,1
h0,102.304,949.000236341248,1
h0,135.558,950.000240452171,1
h0,168.093,951.000244560696,1
h0,200.052,952.000235667302,1
h0,231.49,953.000239772167,1
h0,262.443,954.000243875416,1
h0,293.004,955.000234977357,1
h0,323.26,956.000239078278,1
h0,353.172,957.000243178053,1
