h0,406.176,969.000239354858,1
h0,373.057,970.000243244383,1
h0,339.932,971.000247133891,1
h0,306.77,972.000238023273,1
h0,273.627,973.000241912722,1
h0,240.504,974.000245802234,1
h0,207.355,975.000236691663,1
h0,174.253,976.000240581244,1
h0,141.172,977.000244470899,1
h0,108.067,978.000235360473,1
h0,74.9737,979.000239250085,1
h0,42.0626,980.000243140306,1
h0,10.6089,981.000234035387,1
h0,25.4818,982.000238084998,1
h0,58.1889,983.000242194097,1
h0,90.5202,984.000246301943,1
h0,121.097,985.000237403937,1
h0,150.368,986.000241501575,1
h0,178.866,987.000245596633,1
h0,206.061,988.000236687344,1
h0,231.892,989.000240773508,1
h0,256.426,990.000244855346,1
h0,279.783,991.000235933255,1
h0,302.021,992.000240007433,1
h0,323.37,993.000244078647,1
h0,343.937,994.00023514725,1
h0,363.783,995.000239213448,1
