h0,412.181,990.000245374888,1
h0,396.333,991.000236322025,1
h0,380.154,992.000240268057,1
h0,362.662,993.000244209712,1
h0,344.003,994.000235147469,1
h0,325.804,995.000239086764,1
h0,308.087,996.000243027667,1
h0,290.78,997.000246969939,1
h0,273.783,998.000237913242,1
h0,257.05,999.000241857426,1
h0,240.569,1000.000245802451,1
h0,224.26,1001.000236748052,1
h0,208.077,1002.000240694071,1
h0,192.049,1003.000244640605,1
h0,176.11,1004.00023558744,1
h0,160.187,1005.000239534326,1
h0,144.304,1006.000243481347,1
h0,128.543,1007.000234428775,1
h0,112.762,1008.000238376133,1
h0,97.0088,1009.000242323586,1
h0,81.3121,1010.000246271228,1
h0,65.6529,1011.000237218994,1
h0,50.0161,1012.000241166836,1
h0,34.5321,1013.000245115187,1
h0,19.2545,1014.000236064226,1
h0,6.85234,1015.000240022857,1
h0,14.727,1016.000244049124,1
h0,29.6481,1017.000235098895,1
h0,45.4525,1018.000239151613,1
h0,62.6837,1019.00024320909,1
h0,81.4629,1020.000234271731,1
h0,101.374,1021.000238338148,1
h0,121.55,1022.000242405446,1
h0,141.996,1023.000246473648,1
h0,162.649,1024.000237542538,1
h0,183.454,1025.000241611938,1
h0,204.391,1026.000245681774,1
h0,225.376,1027.000236751773,1
h0,246.483,1028.000240822177,1
h0,267.677,1029.000244892873,1
h0,288.91,1030.000235963698,1
h0,310.201,1031.000240034719,1
h0,331.499,1032.00024410576,1
h0,352.836,1033.000235176935,1
h0,374.179,1034.000239248127,1
