h0,411.623,997.000247373027,1
h0,395.09,998.000238317877,1
h0,378.626,999.000242262959,1
h0,362.131,1000.000246207938,1
h0,345.72,1001.000237153197,1
h0,329.238,1002.000241098219,1
h0,312.822,1003.00024504346,1
h0,296.405,1004.0002359887,1
h0,279.966,1005.000239933866,1
h0,263.551,1006.000243879113,1
h0,247.16,1007.000234824437,1
h0,230.731,1008.000238769635,1
h0,214.321,1009.000242714898,1
h0,197.928,1010.000246660216,1
h0,181.543,1011.000237605563,1
h0,165.211,1012.000241551086,1
h0,148.838,1013.000245496469,1
h0,132.444,1014.000236441785,1
h0,116.08,1015.000240387201,1
h0,99.7057,1016.000244332583,1
h0,83.3781,1017.000235278119,1
h0,67.0334,1018.000239223599,1
h0,50.7145,1019.000243169165,1
h0,34.5269,1020.000234115169,1
h0,18.6489,1021.000238062206,1
h0,6.49192,1022.000242021655,1
h0,16.5998,1023.000246055371,1
h0,32.3811,1024.000237108012,1
h0,48.5379,1025.000241161905,1
h0,64.8288,1026.000245216245,1
h0,81.1603,1027.000236270722,1
h0,97.531,1028.000240325328,1
h0,113.879,1029.00024437986,1
h0,130.269,1030.000235434532,1
h0,146.668,1031.000239489231,1
h0,163.038,1032.000243543835,1
h0,179.464,1033.000234598627,1
h0,195.867,1034.000238653342,1
h0,212.242,1035.000242707963,1
h0,228.619,1036.000246762592,1
h0,245.004,1037.000237817245,1
h0,261.412,1038.000241871978,1
h0,277.813,1039.000245926685,1
h0,294.521,1040.000236982417,1
h0,312.099,1041.00024104105,1
h0,330.817,1042.000245103486,1
h0,350.494,1043.000236169122,1
h0,370.498,1044.000240235847,1
