h0,388.502,968.000235295903,1
h0,358.134,969.000239194606,1
h0,325.883,970.000243087028,1
h0,292.282,971.000246974949,1
h0,259.393,972.00023786524,1
h0,227.468,973.000241758752,1
h0,198.054,974.000245660636,1
h0,171.228,975.000236571155,1
h0,146.623,976.000240489083,1
h0,122.845,977.000244409766,1
h0,99.269,978.000235331126,1
h0,77.2951,979.000239257829,1
h0,57.0072,980.000243190155,1
h0,38.0739,981.000234127001,1
h0,20.4119,982.000238068087,1
h0,6.54219,983.000242021822,1
h0,18.2148,984.000246060758,1
h0,36.1762,985.000237120671,1
h0,54.5934,986.000241182104,1
h0,73.7407,987.000245245973,1
h0,94.2769,988.000236314474,1
h0,115.106,989.000240383951,1
h0,135.638,990.000244452441,1
h0,156.019,991.000235520422,1
h0,176.114,992.000239587453,1
h0,195.974,993.000243653698,1
h0,215.622,994.000234719238,1
h0,235.08,995.000238784142,1
h0,254.32,996.00024284832,1
h0,273.656,997.000246912819,1
h0,294.143,998.000237981154,1
h0,316.022,999.000242054137,1
h0,338.077,1000.000246127703,1
h0,360.195,1001.000237201483,1
