h0,384.299,949.000237281884,1
h0,346.706,950.000241156486,1
h0,310.898,951.000245037045,1
h0,276.745,952.000235923121,1
h0,242.849,953.000239810057,1
h0,209.08,954.000243697416,1
h0,176.585,955.000234589025,1
h0,145.248,956.000238484494,1
h0,114.983,957.000242383541,1
h0,85.5755,958.000246285449,1
h0,56.9751,959.000237190048,1
h0,29.1845,960.000241097349,1
h0,6.44446,961.000245021496,1
h0,27.2795,962.000236090995,1
h0,53.3848,963.000240178072,1
h0,79.0202,964.000244263583,1
h0,104.032,965.000235347012,1
h0,130.249,966.000239434465,1
h0,157.284,967.000243524644,1
h0,184.101,968.000234614094,1
h0,210.786,969.000238703106,1
h0,237.343,970.000242791691,1
h0,263.787,971.000246879898,1
h0,290.22,972.00023796807,1
h0,316.54,973.000242055863,1
h0,342.698,974.000246143117,1
h0,368.959,975.000237230714,1
