h0,395.397,966.000240318902,1
h0,361.526,967.00024420592,1
h0,327.687,968.000235093047,1
h0,294.327,969.00023898177,1
h0,261.601,970.000242872606,1
h0,229.541,971.000246765665,1
h0,198.046,972.000237660611,1
h0,167.148,973.000241557545,1
h0,136.747,974.000245456138,1
h0,106.249,975.00023635441,1
h0,74.39,976.000240248138,1
h0,42.6278,977.000244142191,1
h0,11.9813,978.000235039965,1
h0,18.9351,979.000239063161,1
h0,48.9051,980.00024316313,1
h0,79.6853,981.000234265802,1
h0,110.557,982.000238368779,1
h0,139.613,983.000242465698,1
h0,167.111,984.000246557423,1
h0,192.993,985.000237643756,1
h0,218.09,986.00024172747,1
h0,243.491,987.000245812198,1
h0,269.153,988.000236897797,1
h0,293.534,989.000240979124,1
h0,316.818,990.000245056793,1
h0,339.329,991.00023613188,1
h0,361.916,992.000240207222,1
