h0,399.463,958.000247332465,1
h0,377.992,959.000238260847,1
h0,356.766,960.000242190042,1
h0,335.822,961.000246120181,1
h0,315.033,962.000237050838,1
h0,294.438,963.000240982141,1
h0,273.935,964.000244913748,1
h0,253.544,965.000235845733,1
h0,233.153,966.000239777716,1
h0,212.901,967.000243710161,1
h0,192.662,968.000234642651,1
h0,172.446,969.000238575219,1
h0,152.23,970.000242507784,1
h0,132.019,971.00024644037,1
h0,111.339,972.000237371386,1
h0,88.4646,973.000241295086,1
h0,64.6008,974.000245215485,1
h0,41.2526,975.000236137604,1
h0,19.4273,976.000240064803,1
h0,7.11749,977.000244023741,1
h0,24.7063,978.000235082411,1
h0,44.4957,979.000239148422,1
h0,64.047,980.000243213638,1
h0,83.3503,981.000234278027,1
h0,102.407,982.000238341592,1
h0,121.327,983.000242404705,1
h0,140.166,984.000246467543,1
h0,158.95,985.000237530201,1
h0,177.715,986.000241592793,1
h0,196.482,987.000245655393,1
h0,215.296,988.00023671815,1
h0,234.151,989.000240781042,1
h0,253.072,990.000244844157,1
h0,271.984,991.000235907241,1
h0,290.967,992.000239970562,1
h0,309.96,993.000244033915,1
h0,329.022,994.000235097499,1
h0,348.039,995.000239160932,1
h0,367.092,996.000243224487,1
