h0,404.642,1005.000240349742,1
h0,391.026,1006.000244304321,1
h0,377.451,1007.00023525904,1
h0,363.947,1008.000239213995,1
h0,350.403,1009.000243168818,1
h0,336.861,1010.000247123647,1
h0,323.314,1011.000238078459,1
h0,309.822,1012.000242033454,1
h0,296.375,1013.000245988602,1
h0,282.856,1014.000236943506,1
h0,269.342,1015.000240898427,1
h0,255.823,1016.000244853334,1
h0,242.341,1017.000235808363,1
h0,228.834,1018.000239763307,1
h0,215.316,1019.000243718218,1
h0,201.834,1020.000234673246,1
h0,188.343,1021.000238628245,1
h0,174.84,1022.000242583203,1
h0,161.354,1023.000246538217,1
h0,147.866,1024.000237493227,1
h0,134.363,1025.000241448188,1
h0,120.927,1026.00024540337,1
h0,107.448,1027.000236358408,1
h0,94.0246,1028.000240313632,1
h0,80.6096,1029.000244268885,1
h0,67.1882,1030.000235224116,1
h0,53.3987,1031.000239178119,1
h0,38.7565,1032.000243129278,1
h0,22.4183,1033.000234074779,1
h0,7.05967,1034.000238023549,1
h0,18.7562,1035.000242062564,1
h0,40.805,1036.000246136111,1
h0,65.3881,1037.000237218111,1
h0,92.0272,1038.00024130697,1
h0,120.641,1039.000245402415,1
h0,151.015,1040.000236503732,1
h0,180.893,1041.000240603395,1
h0,210.02,1042.000244700551,1
h0,238.327,1043.000235794972,1
h0,266.009,1044.000239887312,1
h0,292.979,1045.000243977274,1
h0,319.417,1046.00023506546,1
h0,345.392,1047.000239152104,1
h0,371.022,1048.000243237597,1
