h0,234.202,901.000291781212,1
h0,253.544,902.000243845732,1
h0,270.35,903.000234901791,1
h0,285.12,904.000238951058,1
h0,297.964,905.000242993902,1
h0,308.562,906.000247029252,1
h0,316.972,907.000238057306,1
h0,323.091,908.000242077716,1
h0,327.692,909.000246093063,1
h0,332.048,910.000237107593,1
h0,334.941,911.000241117241,1
h0,339.101,912.00024513112,1
h0,345.327,913.000236151888,1
h0,353.271,914.000240178386,1
h0,362.833,915.000244210279,1
h0,372.745,916.000235243343,1
h0,380.89,917.000239270512,1
h0,387.411,918.000243292265,1
h0,393.395,919.000247312224,1
h0,397.736,920.000238326703,1
h0,395.668,924.000241319806,1
h0,390.346,925.000245302053,1
h0,383.102,926.000236277891,1
h0,373.949,927.000240247359,1
h0,364.853,928.000244217018,1
h0,358.126,929.000235194578,1
h0,353.634,930.000239179595,1
h0,351.074,931.000243171056,1
h0,349.144,932.00024716462,1
h0,348.13,933.000238161236,1
h0,348.852,934.000242163645,1
h0,351.072,935.000246171049,1
h0,353.894,936.000237180463,1
h0,356.516,937.000241189208,1
h0,358.64,938.000245196295,1
h0,359.781,939.000236200101,1
h0,359.838,940.00024020029,1
h0,358.592,941.000244196135,1
h0,355.797,942.000235186812,1
h0,351.368,943.000239172037,1
h0,345.315,944.000243151846,1
h0,337.553,945.000247125955,1
h0,328.01,946.000238094124,1
h0,316.581,947.000242056,1
h0,304.677,948.000246016294,1
h0,292.78,949.00023697661,1
h0,280.838,950.000240936775,1
h0,268.901,951.000244896958,1
h0,256.956,952.000235857112,1
h0,245.033,953.000239817342,1
h0,233.099,954.000243777534,1
h0,221.191,955.000234737812,1
h0,209.245,956.000238697968,1
h0,197.312,957.000242658162,1
h0,185.412,958.000246618468,1
h0,174.132,959.000237580843,1
h0,163.933,960.000241546822,1
h0,154.725,961.000245516108,1
h0,146.438,962.000236488463,1
h0,138.916,963.000240463376,1
h0,132.286,964.00024444126,1
h0,126.386,965.000235421579,1
h0,121.128,966.000239404038,1
h0,116.476,967.000243388522,1
h0,112.448,968.000234375086,1
h0,109.557,969.000238365443,1
h0,107.961,970.000242360118,1
h0,107.346,971.000246358067,1
h0,107.674,972.000237359162,1
h0,108.589,973.000241362214,1
h0,110.121,974.000245367324,1
h0,112.026,975.000236373678,1
h0,115.059,976.000240383794,1
h0,120.02,977.000244400342,1
h0,126.897,978.000235423283,1
h0,135.675,979.000239452562,1
