h0,400.76,948.00024633679,1
h0,356.882,949.000237190431,1
h0,311.495,950.000241039036,1
h0,265.544,951.00024488576,1
h0,219.493,952.000235732149,1
h0,173.389,953.000239578364,1
h0,127.253,954.000243424471,1
h0,81.0991,955.000234270518,1
h0,34.9612,956.000238116618,1
h0,11.9092,957.000242039725,1
h0,57.8767,958.000246193056,1
h0,104.167,959.000237347462,1
h0,150.558,960.000241502209,1
h0,196.962,961.000245656996,1
h0,243.425,962.000236811979,1
h0,290.705,963.000240969689,1
h0,339.833,964.00024513356,1
