h0,118.39,911.000240394905,1
h0,138.497,912.000244461975,1
h0,158.578,913.000235528959,1
h0,178.704,914.000239596092,1
h0,198.028,915.000243660552,1
h0,214.801,916.0002347165,1
h0,229.155,917.000238764379,1
h0,241.218,918.000242804617,1
h0,250.923,919.000246836988,1
h0,258.413,920.000237861975,1
h0,263.754,921.000241879789,1
h0,267.63,922.000245892719,1
h0,271.219,923.00023690469,1
h0,274.8,924.000240916635,1
h0,278.288,925.000244928268,1
h0,281.542,926.000235939124,1
h0,284.45,927.000239948822,1
h0,287.09,928.00024395763,1
h0,289.375,929.00023496525,1
h0,291.327,930.000238971762,1
h0,293.175,931.000242977926,1
h0,295.061,932.000246984219,1
h0,296.914,933.000237990398,1
h0,298.742,934.000241996495,1
h0,300.52,935.000246002428,1
h0,302.259,936.000237008226,1
h0,303.991,937.000241014005,1
h0,305.678,938.000245019631,1
h0,307.319,939.000236025107,1
h0,309.615,940.000240032765,1
h0,312.869,941.000244043617,1
h0,316.223,942.000235054806,1
h0,319.421,943.000239065473,1
h0,322.45,944.000243075579,1
h0,325.302,945.000247085092,1
h0,327.946,946.000238093911,1
h0,330.381,947.000242102034,1
h0,332.662,948.000246109639,1
h0,334.758,949.000237116632,1
h0,336.738,950.000241123237,1
h0,338.652,951.000245129621,1
h0,341.097,952.000236137778,1
h0,344.41,953.000240148827,1
h0,348.904,954.00024416382,1
h0,354.487,955.00023518244,1
h0,360.509,956.000239202529,1
h0,366.968,957.000243224075,1
h0,373.75,958.000247246694,1
h0,380.913,959.000238270587,1
h0,388.213,960.00024229494,1
h0,395.741,961.000246320051,1
h0,396.566,1008.000239322803,1
h0,389.951,1009.000243300736,1
h0,383.485,1010.000247279169,1
h0,377.174,1011.000238258118,1
h0,371.123,1012.000242237934,1
h0,365.293,1013.000246218487,1
h0,359.843,1014.000237200307,1
h0,354.945,1015.000241183969,1
h0,350.551,1016.000245169311,1
h0,346.646,1017.000236156288,1
h0,343.124,1018.000240144538,1
h0,339.883,1019.000244133729,1
h0,336.474,1020.000235122358,1
h0,333.132,1021.000239111209,1
h0,330.018,1022.000243100821,1
h0,326.896,1023.000247090407,1
h0,323.897,1024.000238080403,1
h0,320.988,1025.0002420707,1
h0,318.113,1026.000246061112,1
h0,315.327,1027.000237051818,1
h0,312.877,1028.000241043647,1
h0,311.539,1029.000245039182,1
h0,311.602,1030.000236039391,1
h0,313.295,1031.000240045039,1
