h0,410.088,944.000243367906,1
h0,369.821,945.000247233589,1
h0,329.704,946.000238099773,1
h0,289.668,947.00024196623,1
h0,249.772,948.000245833148,1
h0,210.031,949.000236700587,1
h0,170.43,950.000240568495,1
h0,130.52,951.000244435369,1
h0,88.8091,952.000235296235,1
h0,45.8285,953.000239152867,1
h0,4.60073,954.000243015346,1
h0,38.5451,955.000234128573,1
h0,79.3845,956.000238264798,1
h0,119.774,957.000242399524,1
h0,160.033,958.000246533811,1
h0,200.029,959.000237667223,1
h0,240.511,960.000241802259,1
h0,281.615,961.000245939365,1
h0,323.73,962.000237079846,1
h0,367.04,963.000241224314,1
