h0,121.796,929.000291406267,1
h0,141.05,930.000243470491,1
h0,157.542,931.000234525502,1
h0,171.432,932.000238571836,1
h0,182.629,933.000242609186,1
h0,191.171,934.000246637677,1
h0,197.147,935.000237657613,1
h0,200.675,936.000241669379,1
h0,201.947,937.000245673623,1
h0,200.86,938.000236669996,1
h0,197.375,939.000240658373,1
h0,192.032,940.000244640551,1
h0,187.619,941.00023562583,1
h0,183.415,942.000239611807,1
h0,179.08,943.000243597345,1
h0,174.928,944.000234583496,1
h0,170.985,945.000238570344,1
h0,167.279,946.000242557983,1
h0,163.779,947.000246546309,1
h0,160.559,948.000237535566,1
h0,157.551,949.000241525535,1
h0,154.844,950.000245516505,1
h0,152.265,951.000236507902,1
h0,150.088,952.000240500639,1
h0,148.12,953.000244494075,1
h0,146.416,954.000235488391,1
h0,144.91,955.000239483369,1
h0,143.633,956.000243479109,1
h0,142.517,957.000234475386,1
h0,141.558,958.000238472187,1
h0,140.756,959.000242469512,1
h0,140.221,960.000246467727,1
h0,139.75,961.000237466156,1
h0,139.353,962.00024146483,1
h0,139.141,963.000245464126,1
h0,138.967,964.000236463544,1
h0,138.845,965.000240463136,1
h0,138.851,966.000244463156,1
h0,138.874,967.000235463233,1
h0,139.383,968.000239464933,1
h0,140.535,969.000243468773,1
h0,141.719,970.000234472724,1
h0,142.946,971.000238476817,1
h0,144.11,972.000242480699,1
h0,145.345,973.000246484818,1
h0,146.503,974.000237488681,1
h0,147.628,975.000241492432,1
h0,148.688,976.00024549597,1
h0,149.67,977.000236499246,1
h0,150.642,978.000240502489,1
h0,151.528,979.000244505444,1
h0,152.309,980.000235508047,1
h0,152.785,981.000239509634,1
h0,153.095,982.000243510669,1
h0,153.188,983.000234510981,1
h0,153.032,984.000238510459,1
h0,152.796,985.000242509673,1
h0,152.467,986.000246508577,1
h0,152.002,987.000237507026,1
h0,151.511,988.000241505387,1
h0,150.904,989.000245503362,1
h0,150.272,990.000236501253,1
h0,149.592,991.000240498986,1
h0,148.937,992.000244496799,1
h0,148.262,993.000235494548,1
h0,147.592,994.000239492313,1
h0,147.007,995.000243490361,1
h0,146.855,996.000234489857,1
h0,147.23,997.000238491105,1
h0,147.669,998.00024249257,1
h0,147.98,999.000246493609,1
h0,148.181,1000.000237494279,1
h0,148.364,1001.00024149489,1
h0,148.426,1002.000245495095,1
h0,148.454,1003.000236495189,1
h0,148.421,1004.000240495079,1
h0,148.294,1005.000244494657,1
h0,148.642,1006.000235495816,1
h0,150.548,1007.000239502173,1
h0,152.82,1008.000243509753,1
h0,154.238,1009.000234514482,1
h0,154.671,1010.000238515928,1
h0,154.606,1011.000242515711,1
h0,154.174,1012.000246514268,1
h0,153.447,1013.000237511846,1
h0,152.486,1014.000241508639,1
h0,151.337,1015.000245504805,1
h0,150.133,1016.00023650079,1
h0,148.823,1017.000240496419,1
h0,147.566,1018.000244492226,1
h0,146.404,1019.000235488351,1
h0,145.16,1020.000239484202,1
h0,143.953,1021.000243480175,1
h0,142.822,1022.000234476402,1
h0,141.791,1023.000238472965,1
h0,140.808,1024.000242469686,1
h0,139.868,1025.00024646655,1
h0,139.048,1026.000237463813,1
h0,138.394,1027.000241461632,1
h0,137.843,1028.000245459795,1
h0,137.41,1029.000236458351,1
h0,137.137,1030.000240457439,1
h0,137.434,1031.000244458432,1
h0,138.408,1032.00023546168,1
h0,139.832,1033.000239466428,1
h0,141.252,1034.000243471168,1
h0,142.638,1035.00023447579,1
h0,144.149,1036.000238480829,1
h0,146.483,1037.000242488613,1
h0,149.758,1038.00024649954,1
h0,154.544,1039.000237515505,1
h0,160.949,1040.000241536868,1
