h0,399.221,959.000238331659,1
h0,368.664,960.000242229732,1
h0,338.066,961.000246127668,1
h0,307.45,962.000237025543,1
h0,276.819,963.00024092337,1
h0,246.14,964.000244821036,1
h0,215.469,965.000235718728,1
h0,184.811,966.000239616464,1
h0,154.119,967.000243514084,1
h0,123.418,968.000234411678,1
h0,92.7379,969.00023830934,1
h0,62.1064,970.000242207165,1
h0,31.6883,971.000246105701,1
h0,6.40585,972.000237021368,1
h0,31.1458,973.000241103891,1
h0,61.5757,974.000245205394,1
h0,92.2469,975.000236307702,1
h0,122.922,976.000240410024,1
h0,153.563,977.000244512232,1
h0,184.148,978.000235614253,1
h0,214.693,979.000239716139,1
h0,245.127,980.000243817655,1
h0,275.487,981.000234918925,1
h0,305.764,982.00023901992,1
h0,335.918,983.000243120501,1
h0,365.971,984.000247220749,1
