h0,414.168,964.000245381516,1
h0,386.538,965.000236289352,1
h0,359.594,966.000240199476,1
h0,333.178,967.000244111363,1
h0,307.153,968.000235024552,1
h0,281.39,969.000238938615,1
h0,255.807,970.000242853279,1
h0,230.367,971.000246768423,1
h0,205.032,972.000237683914,1
h0,179.73,973.000241599515,1
h0,154.51,974.00024551539,1
h0,129.301,975.000236431301,1
h0,103.831,976.000240346342,1
h0,77.7935,977.000244259491,1
h0,51.5481,978.000235171946,1
h0,25.4981,979.000239085052,1
h0,6.64661,980.000243022171,1
h0,29.0793,981.000234096998,1
h0,55.3321,982.000238184568,1
h0,81.8178,983.000242272915,1
h0,108.442,984.000246361725,1
h0,135.061,985.000237450514,1
h0,161.683,986.000241539317,1
h0,188.363,987.000245628313,1
h0,215.045,988.000236717314,1
h0,241.779,989.000240806487,1
h0,268.471,990.000244895523,1
h0,295.197,991.000235984672,1
h0,321.934,992.000240073858,1
h0,348.667,993.000244163027,1
h0,375.379,994.000235252131,1
