h0,17.812,901.000291059414,1
h0,24.013,902.000243080099,1
h0,30.1673,903.000234100627,1
h0,34.7217,904.000238115819,1
h0,36.0734,905.000242120328,1
h0,34.3724,906.000246114654,1
h0,30.8848,907.000237103021,1
h0,26.5171,908.000241088451,1
h0,23.0727,909.000245076962,1
h0,21.0746,910.000236070297,1
h0,20.3603,911.000240067914,1
h0,20.6279,912.000244068807,1
h0,21.661,913.000235072253,1
h0,23.3325,914.000239077829,1
h0,26.9507,915.000243089898,1
h0,32.8845,916.000234109691,1
h0,41.0294,917.000238136859,1
h0,51.3506,918.000242171287,1
h0,63.7251,919.000246212564,1
h0,78.1465,920.000237260669,1
h0,94.4666,921.000241315107,1
h0,112.689,922.00024537589,1
h0,132.899,923.000236443302,1
h0,154.877,924.000240516614,1
h0,177.923,925.000244593488,1
h0,200.987,926.000235670421,1
h0,224.044,927.000239747329,1
h0,246.146,928.000243821056,1
h0,266.057,929.000234887471,1
h0,284.006,930.000238947341,1
h0,299.932,931.000243000467,1
h0,313.991,932.00024704736,1
h0,326.225,933.000238088168,1
h0,336.504,934.000242122458,1
h0,344.809,935.00024615016,1
h0,351.142,936.000237171284,1
h0,355.531,937.000241185924,1
h0,357.022,938.000245190897,1
h0,355.27,939.000236185053,1
h0,350.333,940.000240168585,1
h0,342.478,941.000244142383,1
h0,333.976,942.000235114024,1
h0,325.227,943.000239084841,1
h0,316.237,944.000243054854,1
h0,307.116,945.000247024428,1
h0,297.917,946.000237993745,1
h0,288.71,947.000241963034,1
h0,279.484,948.000245932259,1
h0,270.28,949.000236901556,1
h0,261.07,950.000240870834,1
h0,251.837,951.000244840036,1
h0,242.697,952.000235809551,1
h0,233.586,953.000239779159,1
h0,224.538,954.000243748977,1
h0,215.537,955.000234718955,1
h0,207.123,956.000238690889,1
h0,199.645,957.000242665945,1
h0,192.979,958.00024664371,1
h0,185.536,959.000237618881,1
h0,177.887,960.000241593367,1
h0,172.465,961.00024557528,1
h0,168.88,962.000236563322,1
h0,166.374,963.000240554965,1
h0,164.17,964.000244547613,1
h0,162.306,965.000235541396,1
h0,160.77,966.00023953627,1
h0,159.509,967.000243532065,1
h0,158.472,968.000234528606,1
h0,157.587,969.000238525654,1
h0,156.879,970.00024252329,1
h0,156.32,971.000246521427,1
h0,155.83,972.000237519794,1
h0,155.417,973.000241518415,1
h0,155.041,974.000245517162,1
h0,154.818,975.000236516417,1
h0,154.6,976.00024051569,1
h0,154.457,977.000244515212,1
h0,154.374,978.000235514935,1
h0,154.237,979.000239514478,1
h0,154.149,980.000243514186,1
h0,154.235,981.000234514474,1
h0,154.187,982.000238514313,1
h0,154.154,983.000242514204,1
h0,154.131,984.000246514124,1
h0,154.091,985.000237513994,1
h0,154.085,986.000241513973,1
h0,154.052,987.000245513861,1
h0,154.086,988.000236513976,1
h0,154.121,989.000240514094,1
h0,154.118,990.000244514084,1
h0,154.108,991.00023551405,1
h0,154.109,992.000239514052,1
h0,154.096,993.000243514008,1
h0,154.204,994.00023451437,1
h0,155.433,995.00023851847,1
