h0,388.318,948.00024629529,1
h0,359.278,949.000237198423,1
h0,328.132,950.000241094532,1
h0,296.548,951.000244989179,1
h0,263.336,952.000235878395,1
h0,227.931,953.000239760297,1
h0,190.592,954.000243635748,1
h0,152.625,955.000234509102,1
h0,114.392,956.00023838157,1
h0,75.928,957.000242253269,1
h0,37.3938,958.000246124732,1
h0,3.53453,959.00023701179,1
h0,40.5203,960.000241135161,1
h0,79.4994,961.000245265182,1
h0,118.58,962.000236395539,1
h0,157.721,963.000240526099,1
h0,196.926,964.000244656875,1
h0,236.172,965.000235787784,1
h0,275.485,966.000239918918,1
h0,314.804,967.000244050072,1
h0,354.16,968.00023518135,1
