h0,400.069,940.000240334487,1
h0,361.851,941.000244207004,1
h0,321.475,942.000235072325,1
h0,280.443,943.000238935459,1
h0,240.543,944.000242802367,1
h0,201.865,945.000246673349,1
h0,164.472,946.000237548619,1
h0,127.56,947.000241425494,1
h0,91.299,948.000245304541,1
h0,55.7151,949.000236185846,1
h0,20.8099,950.000240069414,1
h0,14.4304,951.000244048135,1
h0,48.5317,952.000235161884,1
h0,82.489,953.000239275154,1
h0,116.216,954.000243387655,1
h0,149.771,955.000234499582,1
h0,183.228,956.000238611183,1
h0,216.566,957.000242722387,1
h0,249.768,958.000246833137,1
h0,282.91,959.000237943687,1
h0,315.993,960.000242054039,1
h0,349.059,961.000246164336,1
