h0,406.284,979.000240355218,1
h0,385.38,980.00024428549,1
h0,364.455,981.000235215693,1
h0,343.556,982.000239145981,1
h0,322.636,983.0002430762,1
h0,301.75,984.000247006528,1
h0,280.872,985.000237936888,1
h0,259.985,986.000241867215,1
h0,239.043,987.000245797361,1
h0,218.106,988.000236727525,1
h0,197.247,989.000240657946,1
h0,176.351,990.000244588243,1
h0,155.462,991.000235518564,1
h0,134.6,992.000239448976,1
h0,113.732,993.000243379368,1
h0,92.8625,994.000234309756,1
h0,72.0377,995.000238240292,1
h0,51.2313,996.000242170889,1
h0,30.6178,997.00024610213,1
h0,11.0759,998.000237036945,1
h0,13.5167,999.000241045087,1
h0,33.4399,1000.000245111544,1
h0,54.1315,1001.000236180563,1
h0,74.893,1002.000240249816,1
h0,95.7363,1003.000244319342,1
h0,116.62,1004.000235389003,1
h0,137.492,1005.000239458625,1
h0,158.393,1006.000243528343,1
h0,179.293,1007.000234598057,1
h0,200.19,1008.000238667763,1
h0,221.059,1009.000242737372,1
h0,241.973,1010.000246807135,1
h0,262.89,1011.000237876907,1
h0,283.819,1012.000241946718,1
h0,304.699,1013.000246016368,1
h0,325.602,1014.000237086092,1
h0,346.476,1015.00024115572,1
h0,367.362,1016.000245225388,1
