h0,414.782,937.000241383564,1
h0,363.539,938.000245212634,1
h0,310.899,939.000236037049,1
h0,258.859,940.000239863459,1
h0,207.703,941.000243692824,1
h0,157.423,942.000234525106,1
h0,107.887,943.000238359871,1
h0,58.9914,944.000242196774,1
h0,11.1076,945.000246037051,1
h0,37.2326,946.000237124195,1
h0,84.1995,947.000241280859,1
h0,130.22,948.000245434368,1
h0,174.533,949.000236582179,1
h0,217.184,950.000240724448,1
h0,258.43,951.00024486203,1
h0,299.089,952.000235997654,1
h0,339.625,953.000240132867,1
h0,378.958,954.000244264069,1
