h0,406.53,962.000237356039,1
h0,379.693,963.00024126652,1
h0,352.974,964.000245177396,1
h0,326.285,965.000236088371,1
h0,299.702,966.000239999697,1
h0,273.149,967.000243911127,1
h0,246.723,968.00023482298,1
h0,220.391,969.000238735146,1
h0,194.632,970.000242649221,1
h0,168.923,971.000246563468,1
h0,142.991,972.000237476968,1
h0,116.693,973.000241389245,1
h0,90.4233,974.00024530162,1
h0,64.1863,975.000236214102,1
h0,38.0733,976.000240126999,1
h0,12.9309,977.000244043133,1
h0,16.4149,978.000235054754,1
h0,41.9375,979.000239139889,1
h0,68.0639,980.000243227037,1
h0,94.2297,981.000234314317,1
h0,120.529,982.000238402041,1
h0,146.832,983.00024248978,1
h0,173.162,984.000246577605,1
h0,199.479,985.000237665391,1
h0,225.831,986.000241753291,1
h0,252.201,987.000245841251,1
h0,278.542,988.000236929116,1
h0,304.902,989.000241017042,1
h0,331.216,990.000245104818,1
h0,357.561,991.000236192696,1
