h0,408.361,944.000243362146,1
h0,381.206,945.000247271566,1
h0,353.147,946.000238177972,1
h0,323.949,947.000242080579,1
h0,294.641,948.000245982818,1
h0,265.501,949.000236885616,1
h0,236.484,950.000240788826,1
h0,207.627,951.000244692568,1
h0,178.848,952.000235596574,1
h0,150.037,953.00023950047,1
h0,120.329,954.000243401375,1
h0,89.4332,955.000234298317,1
h0,57.2747,956.000238191048,1
h0,24.6394,957.000242082188,1
h0,9.13006,958.000246030455,1
h0,41.8736,959.000237139675,1
h0,75.2604,960.000241251042,1
h0,108.804,961.000245362931,1
h0,142.513,962.000236475373,1
h0,176.364,963.000240588288,1
h0,210.27,964.000244701385,1
h0,244.298,965.00023581489,1
h0,278.379,966.000239928572,1
h0,312.532,967.000244042496,1
h0,346.75,968.000235156632,1
