h0,29.7882,930.000246099363,1
h0,37.9124,931.000237126462,1
h0,43.1782,932.000241144027,1
h0,45.7006,933.000245152441,1
h0,45.6718,934.000236152345,1
h0,43.4071,935.00024014479,1
h0,39.7625,936.000244132634,1
h0,36.7668,937.000235122641,1
h0,34.446,938.000239114899,1
h0,32.6521,939.000243108916,1
h0,31.3283,940.0002341045,1
h0,30.3576,941.000238101262,1
h0,29.651,942.000242098905,1
h0,29.1229,943.000246097144,1
h0,28.7502,944.0002370959,1
h0,28.4681,945.000241094959,1
h0,28.3122,946.000245094439,1
h0,28.1897,947.000236094031,1
h0,28.0897,948.000240093697,1
h0,28.0565,949.000244093586,1
h0,28.008,950.000235093425,1
h0,27.9647,951.00023909328,1
h0,27.9209,952.000243093134,1
h0,27.9297,953.000234093164,1
h0,27.9045,954.000238093079,1
h0,27.9022,955.000242093072,1
h0,27.9082,956.000246093092,1
h0,27.892,957.000237093038,1
h0,27.8912,958.000241093035,1
h0,27.9067,959.000245093087,1
h0,27.8995,960.000236093063,1
h0,27.9084,961.000240093093,1
h0,27.9066,962.000244093086,1
h0,27.9279,963.000235093157,1
h0,27.9257,964.00023909315,1
h0,27.9025,965.000243093073,1
h0,27.9076,966.00023409309,1
h0,27.9279,967.000238093158,1
h0,27.8928,968.00024209304,1
h0,27.8917,969.000246093037,1
h0,27.8943,970.000237093045,1
h0,27.8841,971.000241093011,1
h0,27.9136,972.00024509311,1
h0,27.8974,973.000236093056,1
h0,27.9238,974.000240093144,1
h0,27.896,975.000244093051,1
h0,27.8906,976.000235093033,1
h0,27.8673,977.000239092955,1
h0,27.9099,978.000243093097,1
h0,27.8881,979.000234093025,1
h0,27.9005,980.000238093066,1
h0,27.9653,981.000242093282,1
h0,28.3476,982.000246094558,1
h0,28.7747,983.000237095982,1
h0,29.1762,984.000241097321,1
h0,29.497,985.000245098391,1
h0,29.7545,986.00023609925,1
h0,30.0071,987.000240100093,1
h0,30.1941,988.000244100717,1
h0,30.2929,989.000235101046,1
h0,30.2189,990.000239100799,1
h0,30.0558,991.000243100256,1
h0,29.8558,992.000234099588,1
h0,29.6183,993.000238098796,1
h0,29.3813,994.000242098006,1
h0,29.1475,995.000246097225,1
h0,28.9127,996.000237096442,1
h0,28.9257,997.000241096486,1
h0,29.2921,998.000245097708,1
h0,29.9725,999.000236099978,1
h0,31.7935,1000.000240106052,1
h0,34.5319,1001.000244115186,1
h0,37.9053,1002.000235126439,1
h0,41.8605,1003.000239139632,1
h0,44.798,1004.00024314943,1
h0,46.9405,1005.000234156577,1
h0,49.7336,1006.000238165893,1
h0,53.1832,1007.0002421774,1
h0,57.2218,1008.000246190871,1
h0,61.1372,1009.000237203932,1
h0,63.7415,1010.000241212619,1
h0,66.5022,1011.000245221827,1
h0,70.7338,1012.000236235942,1
h0,76.3603,1013.00024025471,1
h0,82.4303,1014.000244274958,1
h0,87.9659,1015.000235293423,1
h0,93.5621,1016.00023931209,1
h0,99.7782,1017.000243332824,1
h0,106.523,1018.000234355323,1
h0,112.953,1019.000238376772,1
h0,118.637,1020.000242395732,1
h0,124.781,1021.000246416224,1
h0,131.495,1022.00023743862,1
h0,138.702,1023.000241462661,1
h0,146.438,1024.000245488463,1
h0,154.541,1025.000236515494,1
h0,162.954,1026.000240543556,1
h0,171.687,1027.000244572686,1
h0,180.641,1028.000235602552,1
h0,189.737,1029.000239632895,1
h0,199.028,1030.000243663886,1
h0,208.411,1031.000234695185,1
h0,217.856,1032.000238726691,1
h0,227.417,1033.000242758582,1
h0,237.045,1034.000246790698,1
h0,246.609,1035.0002378226,1
h0,256.251,1036.000241854762,1
h0,265.895,1037.00024588693,1
h0,275.554,1038.000236919149,1
h0,285.26,1039.000240951526,1
h0,294.935,1040.000244983798,1
h0,304.679,1041.0002360163,1
h0,314.375,1042.000240048641,1
h0,324.075,1043.000244080997,1
h0,333.783,1044.000235113381,1
h0,343.483,1045.000239145735,1
h0,353.236,1046.000243178268,1
h0,362.667,1047.000247209727,1
h0,371.467,1048.00023823908,1
h0,379.663,1049.000242266421,1
h0,388.824,1050.000246296976,1
