h0,391.02,958.000247304303,1
h0,361.592,959.00023820614,1
h0,330.964,960.000242103976,1
h0,299.848,961.000246000186,1
h0,268.691,962.000236896256,1
h0,237.547,963.000240792373,1
h0,206.421,964.000244688548,1
h0,174.596,965.000235582391,1
h0,140.741,966.000239469462,1
h0,106.28,967.000243354512,1
h0,72.7499,968.000234242668,1
h0,40.0593,969.000238133624,1
h0,9.67623,970.000242032276,1
h0,25.5567,971.000246085248,1
h0,56.724,972.000237189211,1
h0,88.1389,973.000241294,1
h0,119.48,974.000245398543,1
h0,150.787,975.000236502971,1
h0,182.004,976.000240607101,1
h0,213.228,977.000244711252,1
h0,244.439,978.000235815362,1
h0,275.605,979.000239919319,1
h0,306.792,980.000244023347,1
h0,337.938,981.000235127239,1
h0,369.121,982.000239231254,1
