h0,383.89,946.000238280518,1
h0,346.385,947.000242155416,1
h0,308.191,948.000246028014,1
h0,270.939,949.000236903756,1
h0,234.649,950.000240782706,1
h0,199.317,951.00024466485,1
h0,164.753,952.000235549558,1
h0,130.815,953.000239436352,1
h0,97.3786,954.00024332482,1
h0,64.4062,955.000234214836,1
h0,31.8385,956.000238106202,1
h0,3.25307,957.000242010851,1
h0,33.2617,958.000246110949,1
h0,64.8826,959.000237216425,1
h0,96.1529,960.000241320732,1
h0,126.947,961.000245423448,1
h0,157.327,962.000236524786,1
h0,187.309,963.000240624796,1
h0,217.038,964.000244723961,1
h0,247.022,965.000235823977,1
h0,277.127,966.000239924397,1
h0,306.874,967.000244023622,1
h0,335.699,968.000235119772,1
h0,363.204,969.000239211519,1
