h0,404.146,961.000246348087,1
h0,382.185,962.000237274831,1
h0,360.471,963.000241202402,1
h0,339.072,964.000245131022,1
h0,318.106,965.000236061088,1
h0,297.001,966.000239990689,1
h0,275.422,967.000243918709,1
h0,254.008,968.000234847278,1
h0,231.776,969.000238773123,1
h0,209.184,970.000242697763,1
h0,187.077,971.000246624022,1
h0,164.086,972.000237547333,1
h0,139.354,973.000241464833,1
h0,113.852,974.00024537977,1
h0,88.6374,975.000236295663,1
h0,63.7669,976.000240212703,1
h0,38.1617,977.000244127294,1
h0,14.7793,978.000235049298,1
h0,17.529,979.00023905847,1
h0,42.8813,980.000243143037,1
h0,67.8643,981.000234226371,1
h0,92.0908,982.000238307182,1
h0,118.079,983.00024239387,1
h0,144.797,984.00024648299,1
h0,171.049,985.000237570559,1
h0,197.146,986.000241657608,1
h0,223.055,987.000245744032,1
h0,248.811,988.000236829944,1
h0,274.465,989.000240915517,1
h0,300.024,990.000245000771,1
h0,325.532,991.000236085858,1
h0,350.953,992.000240170654,1
h0,376.455,993.000244255719,1
