h0,403.218,976.000236344991,1
h0,382.448,977.00024027571,1
h0,361.573,978.000244206077,1
h0,340.263,979.000235134994,1
h0,318.732,980.000239063174,1
h0,297.01,981.000242990719,1
h0,275.182,982.000246917909,1
h0,253.273,983.000237844829,1
h0,231.297,984.000241771524,1
h0,209.18,985.00024569775,1
h0,186.999,986.000236623763,1
h0,164.712,987.000240549422,1
h0,142.376,988.000244474915,1
h0,120.01,989.000235400309,1
h0,97.6242,990.000239325639,1
h0,75.1713,991.000243250744,1
h0,52.8338,992.000234176234,1
h0,30.5809,993.000238102007,1
h0,9.769,994.000242032586,1
h0,16.5954,995.000246055356,1
h0,40.1135,996.000237133804,1
h0,66.2427,997.000241220962,1
h0,94.5234,998.000245315296,1
h0,123.006,999.000236410304,1
h0,150.652,1000.000240502522,1
h0,177.524,1001.000244592157,1
h0,203.708,1002.000235679497,1
h0,229.332,1003.000239764969,1
h0,254.446,1004.00024384874,1
h0,279.148,1005.000234931138,1
h0,303.468,1006.000239012261,1
h0,327.528,1007.000243092516,1
h0,351.33,1008.00024717191,1
h0,374.802,1009.000238250205,1
