h0,390.152,973.000242301409,1
h0,360.057,974.000246201021,1
h0,330.91,975.000237103798,1
h0,302.611,976.000241009401,1
h0,275.108,977.00024491766,1
h0,248.308,978.000235828268,1
h0,221.263,979.000239738055,1
h0,192.928,980.00024364354,1
h0,163.124,981.000234544123,1
h0,131.772,982.000238439545,1
h0,100.423,983.000242334976,1
h0,69.6448,984.00024623231,1
h0,39.422,985.000237131498,1
h0,9.96909,986.000241033253,1
h0,20.367,987.000245067937,1
h0,49.7963,988.000236166102,1
h0,81.0142,989.000240270234,1
h0,113.682,990.000244379203,1
h0,146.049,991.000235487167,1
h0,177.821,992.000239593146,1
h0,209.075,993.0002436974,1
h0,239.987,994.000234800509,1
h0,270.712,995.000238902997,1
h0,301.268,996.000243004921,1
h0,331.726,997.000247106519,1
h0,362.124,998.000238207915,1
