h0,390.237,951.00024530169,1
h0,364.176,952.00023621476,1
h0,338.637,953.000240129572,1
h0,313.539,954.000244045855,1
h0,288.041,955.0002349608,1
h0,261.997,956.000238873929,1
h0,236.573,957.000242789122,1
h0,211.839,958.000246706619,1
h0,187.759,959.000237626296,1
h0,164.346,960.0002415482,1
h0,141.561,961.000245472195,1
h0,119.342,962.000236398083,1
h0,97.7182,963.000240325953,1
h0,76.5527,964.000244255352,1
h0,55.8736,965.000235186374,1
h0,35.5729,966.000239118658,1
h0,15.7488,967.000243052532,1
h0,5.36784,968.000234017905,1
h0,24.1078,969.000238080415,1
h0,44.0947,970.000242147084,1
h0,64.2565,971.000246214337,1
h0,84.3774,972.000237281453,1
h0,104.347,973.000241348063,1
h0,124.176,974.000245414206,1
h0,143.772,975.00023647957,1
h0,163.221,976.000240544447,1
h0,182.518,977.000244608815,1
h0,201.59,978.000235672433,1
h0,220.477,979.000239735434,1
h0,239.087,980.00024379751,1
h0,257.502,981.000234858933,1
h0,275.679,982.000238919567,1
h0,293.64,983.000242979478,1
h0,311.417,984.000247038776,1
h0,328.949,985.000238097257,1
h0,346.32,986.000242155198,1
h0,363.55,987.000246212672,1
