h0,406.034,951.000245354383,1
h0,361.516,952.000236205887,1
h0,315.049,953.00024005089,1
h0,266.513,954.000243888993,1
h0,216.986,955.000234723788,1
h0,169.275,956.00023856464,1
h0,123.958,957.000242413481,1
h0,80.7919,958.000246269493,1
h0,39.825,959.000237132842,1
h0,3.29394,960.000241010987,1
h0,36.3915,961.000245121389,1
h0,71.6826,962.000236239108,1
h0,105.585,963.000240352195,1
h0,138.336,964.00024446144,1
h0,170.136,965.000235567514,1
h0,201.115,966.000239670846,1
h0,231.42,967.000243771933,1
h0,261.151,968.000234871108,1
h0,290.465,969.000238968885,1
h0,319.401,970.000243065405,1
h0,348.075,971.000247161052,1
h0,376.508,972.000238255896,1
