h0,397.542,935.000246326057,1
h0,353.515,936.0002371792,1
h0,309.7,937.000241033048,1
h0,266.14,938.000244887748,1
h0,222.778,939.000235743107,1
h0,179.57,940.000239598982,1
h0,136.582,941.000243455589,1
h0,93.8389,942.000234313013,1
h0,50.9257,943.00023816987,1
h0,7.71499,944.000242025734,1
h0,37.4634,945.000246124964,1
h0,81.4999,946.000237271854,1
h0,125.342,947.000241418095,1
h0,168.895,948.000245563373,1
h0,212.249,949.000236707985,1
h0,255.35,950.000240851755,1
h0,298.242,951.000244994829,1
h0,340.421,952.000236135521,1
