h0,393.618,978.000244312969,1
h0,363.972,979.00023521408,1
h0,334.224,980.000239114852,1
h0,304.487,981.000243015659,1
h0,274.691,982.00024691627,1
h0,244.766,983.000237816453,1
h0,215.344,984.00024171831,1
h0,186.726,985.000245622851,1
h0,158.908,986.00023653006,1
h0,131.832,987.000240439744,1
h0,105.395,988.00024435156,1
h0,78.7773,989.000235262773,1
h0,51.4135,990.000239171497,1
h0,23.1118,991.000243077093,1
h0,6.71141,992.000234022387,1
h0,35.0585,993.000238116942,1
h0,64.4119,994.000242214855,1
h0,94.5544,995.0002463154,1
h0,125.112,996.00023741733,1
h0,155.727,997.000241519448,1
h0,186.297,998.00024562142,1
h0,216.78,999.000236723099,1
h0,247.123,1000.000240824312,1
h0,277.143,1001.000244924448,1
h0,307.079,1002.000236024306,1
h0,336.863,1003.000240123655,1
h0,366.622,1004.000244222919,1
