h0,411.345,970.000243372098,1
h0,378.09,971.000247261172,1
h0,344.852,972.000238150302,1
h0,311.585,973.000242039336,1
h0,278.247,974.000245928133,1
h0,244.938,975.000236817024,1
h0,211.551,976.000240705658,1
h0,178.183,977.000244594355,1
h0,144.787,978.000235482958,1
h0,111.398,979.000239371582,1
h0,78.0845,980.000243260462,1
h0,44.8633,981.000234149648,1
h0,12.6663,982.00023804225,1
h0,23.1997,983.000242077386,1
h0,56.1521,984.000246187303,1
h0,89.4553,985.000237298391,1
h0,122.887,986.000241409908,1
h0,156.33,987.000245521462,1
h0,189.816,988.000236633158,1
h0,223.297,989.00024074484,1
h0,256.765,990.000244856475,1
h0,290.273,991.000235968246,1
h0,323.744,992.000240079894,1
h0,357.217,993.000244191549,1
