h0,384.918,940.000240283949,1
h0,347.388,941.000244158763,1
h0,308.029,942.000235027473,1
h0,266.064,943.000238887495,1
h0,220.864,944.000242736725,1
h0,173.753,945.000246579578,1
h0,126.23,946.000237421058,1
h0,78.914,947.000241263229,1
h0,31.8263,948.000245106161,1
h0,15.6586,949.000236052231,1
h0,62.2764,950.000240207732,1
h0,109.003,951.000244363595,1
h0,155.703,952.00023551937,1
h0,202.302,953.000239674806,1
h0,248.862,954.000243830114,1
h0,295.385,955.000234985298,1
h0,341.858,956.000239140317,1
