h0,408.766,942.000235363497,1
h0,382.765,943.000239276766,1
h0,357.259,944.000243191688,1
h0,332.222,945.000247108173,1
h0,307.551,946.000238025878,1
h0,283.246,947.000241944808,1
h0,259.201,948.0002458646,1
h0,235.282,949.000236784817,1
h0,211.656,950.00024070601,1
h0,186.737,951.000244622887,1
h0,158.241,952.000235527834,1
h0,128.014,953.00023942701,1
h0,99.0618,954.000243330435,1
h0,71.4469,955.000234238321,1
h0,44.8959,956.000238149756,1
h0,19.2912,957.000242064348,1
h0,6.88596,958.000246022969,1
h0,30.8276,959.00023710283,1
h0,54.9812,960.000241183397,1
h0,78.8852,961.000245263133,1
h0,103.183,962.000236344183,1
h0,128.454,963.000240428476,1
h0,155.146,964.000244517512,1
h0,182.763,965.000235609632,1
h0,210.818,966.000239703214,1
h0,238.8,967.00024379655,1
h0,266.408,968.000234888641,1
h0,293.618,969.000238979404,1
h0,320.404,970.000243068753,1
h0,346.728,971.00024715656,1
h0,372.577,972.000238242783,1
