h0,402.502,957.000243342603,1
h0,380.209,958.00024726824,1
h0,358.581,959.000238196097,1
h0,337.85,960.000242126948,1
h0,317.971,961.000246060637,1
h0,298.869,962.000236996919,1
h0,280.356,963.000240935167,1
h0,262.342,964.000244875079,1
h0,244.726,965.000235816319,1
h0,227.459,966.00023975872,1
h0,209.599,967.000243699147,1
h0,190.647,968.000234635929,1
h0,171.526,969.000238572148,1
h0,152.443,970.000242508494,1
h0,133.305,971.000246444659,1
h0,114.176,972.00023738085,1
h0,95.0648,973.000241317102,1
h0,75.9706,974.000245253411,1
h0,56.9455,975.00023618995,1
h0,38.0478,976.000240126914,1
h0,19.409,977.000244064741,1
h0,6.45793,978.000235021541,1
h0,21.0216,979.000239070121,1
h0,39.7261,980.000243132512,1
h0,58.752,981.000234195976,1
h0,77.8313,982.000238259617,1
h0,97.0042,983.000242323571,1
h0,116.174,984.000246387513,1
h0,135.285,985.000237451263,1
h0,154.509,986.000241515387,1
h0,173.672,987.000245579306,1
h0,193.055,988.000236643961,1
h0,213.651,989.000240712662,1
h0,235.511,990.000244785582,1
h0,257.002,991.000235857268,1
h0,278.083,992.000239927586,1
h0,300.047,993.000244000849,1
h0,323.785,994.000235080032,1
h0,349.235,995.000239164923,1
h0,376.494,996.00024325585,1
