h0,389.815,938.000245300282,1
h0,356.528,939.000236189249,1
h0,323.103,940.000240077754,1
h0,289.625,941.000243966085,1
h0,256.09,942.000234854225,1
h0,222.449,943.000238742011,1
h0,188.731,944.000242629539,1
h0,154.94,945.000246516823,1
h0,121.118,946.000237404006,1
h0,87.2354,947.000241290986,1
h0,53.187,948.000245177413,1
h0,18.6287,949.000236062139,1
h0,17.6222,950.000240058781,1
h0,53.7715,951.000244179362,1
h0,91.3737,952.00023530479,1
h0,130.423,953.000239435044,1
h0,169.229,954.000243564486,1
h0,207.376,955.000234691733,1
h0,244.908,956.000238816926,1
h0,281.821,957.000242940054,1
h0,318.258,958.000247061594,1
h0,354.313,959.000238181861,1
