h0,401.792,978.000236340232,1
h0,376.757,979.000240256726,1
h0,351.092,980.000244171116,1
h0,325.383,981.000235085362,1
h0,299.428,982.000238998783,1
h0,272.031,983.000242907398,1
h0,243.116,984.000246810947,1
h0,213.731,985.00023771293,1
h0,184.021,986.000241613829,1
h0,154.08,987.000245513956,1
h0,123.938,988.000236413412,1
h0,93.6445,989.000240312364,1
h0,63.2305,990.000244210914,1
h0,32.7774,991.000235109334,1
h0,3.7984,992.00023901267,1
h0,28.771,993.00024309597,1
h0,59.3405,994.000234197939,1
h0,90.0331,995.000238300318,1
h0,120.777,996.000242402868,1
h0,151.509,997.000246505379,1
h0,182.278,998.000237608014,1
h0,213.23,999.000241711259,1
h0,245.19,1000.000245817864,1
h0,278.781,1001.000236929912,1
h0,314.053,1002.000241047569,1
h0,351.012,1003.000245170849,1
