h0,399.949,979.000240334087,1
h0,381.266,980.000244271766,1
h0,362.566,981.000235209391,1
h0,343.857,982.000239146982,1
h0,325.122,983.000243084491,1
h0,306.419,984.000247022104,1
h0,287.727,985.000237959753,1
h0,269.028,986.000241897382,1
h0,250.343,987.000245835055,1
h0,231.635,988.000236772652,1
h0,212.933,989.000240710269,1
h0,194.2,990.000244647783,1
h0,175.041,991.000235583875,1
h0,155.191,992.000239517661,1
h0,135.161,993.000243450847,1
h0,114.977,994.000234383523,1
h0,94.6644,995.000238315766,1
h0,74.2455,996.000242247656,1
h0,53.7623,997.000246179332,1
h0,33.3033,998.000237111088,1
h0,13.5317,999.000241045137,1
h0,10.9262,1000.000245036446,1
h0,30.3942,1001.000236101384,1
h0,50.9716,1002.000240170023,1
h0,71.7596,1003.000244239364,1
h0,92.6442,1004.000235309028,1
h0,113.721,1005.000239379332,1
h0,135.863,1006.00024345319,1
h0,159.182,1007.000234530974,1
h0,182.726,1008.000238609508,1
h0,206.42,1009.000242688543,1
h0,230.141,1010.000246767669,1
h0,254.088,1011.000237847545,1
h0,278.098,1012.000241927634,1
h0,302.123,1013.000246007774,1
h0,326.279,1014.000237088349,1
h0,350.491,1015.000241169111,1
h0,374.696,1016.000245249851,1
