h0,396.362,956.00023932212,1
h0,372.115,957.000243241242,1
h0,347.676,958.000247159721,1
h0,323.167,959.000238077969,1
h0,298.593,960.000241995997,1
h0,273.985,961.000245913914,1
h0,249.308,962.000236831603,1
h0,224.64,963.000240749319,1
h0,199.842,964.000244666601,1
h0,174.341,965.00023558154,1
h0,147.549,966.000239492172,1
h0,120.341,967.000243401416,1
h0,93.3404,968.00023431135,1
h0,66.5534,969.000238221998,1
h0,40.0627,970.000242133635,1
h0,14.5464,971.000246048522,1
h0,14.7408,972.00023704917,1
h0,39.9927,973.000241133401,1
h0,65.8929,974.000245219795,1
h0,91.735,975.000236305995,1
h0,117.489,976.000240391901,1
h0,143.111,977.000244477367,1
h0,168.714,978.00023556277,1
h0,194.136,979.000239647567,1
h0,219.585,980.000243732455,1
h0,244.945,981.00023481705,1
h0,270.235,982.000238901406,1
h0,295.512,983.00024298572,1
h0,320.692,984.000247069714,1
h0,345.87,985.000238153698,1
h0,371.023,986.000242237599,1
