h0,391.486,967.000244305858,1
h0,361.805,968.000235206852,1
h0,330.303,969.000239101772,1
h0,297.964,970.000242993901,1
h0,265.523,971.000246885689,1
h0,233.052,972.000237777377,1
h0,200.541,973.000241668933,1
h0,168.064,974.0002455606,1
h0,135.614,975.000236452359,1
h0,102.945,976.000240343387,1
h0,69.3129,977.000244231203,1
h0,35.1427,978.000235117223,1
h0,3.25153,979.000239010846,1
h0,34.1647,980.000243113961,1
h0,68.7369,981.000234229282,1
h0,103.322,982.000238344644,1
h0,137.387,983.000242458272,1
h0,171.376,984.000246571649,1
h0,205.453,985.000237685319,1
h0,239.732,986.000241799661,1
h0,273.592,987.000245912604,1
h0,307.142,988.000237024516,1
h0,340.366,989.000241135339,1
h0,373.327,990.000245245285,1
