h0,387.506,945.000247292581,1
h0,339.342,946.000238131925,1
h0,291.458,947.0002419722,1
h0,244.082,948.000245814171,1
h0,197.118,949.000236657516,1
h0,150.329,950.000240501442,1
h0,104.268,951.000244347801,1
h0,59.7493,952.000235199302,1
h0,16.8094,953.00023905607,1
h0,25.4726,954.000243084967,1
h0,65.7951,955.000234219469,1
h0,105.213,956.000238350952,1
h0,143.451,957.000242478502,1
h0,180.737,958.000246602874,1
h0,216.689,959.000237722797,1
h0,250.942,960.000241837051,1
h0,284.745,961.000245949807,1
h0,319.367,962.000237065294,1
h0,353.325,963.000241178565,1
