h0,404.223,966.000240348344,1
h0,383.176,967.000244278137,1
h0,361.995,968.000235207484,1
h0,340.831,969.000239136889,1
h0,319.831,970.000243066841,1
h0,298.613,971.000246996065,1
h0,277.298,972.000237924968,1
h0,255.999,973.000241853921,1
h0,234.745,974.000245783025,1
h0,213.526,975.000236712245,1
h0,192.382,976.000240641719,1
h0,171.419,977.000244571792,1
h0,150.522,978.000235502087,1
h0,129.536,979.000239432085,1
h0,108.552,980.000243362091,1
h0,87.6086,981.000234292231,1
h0,66.7112,982.000238222525,1
h0,45.8441,983.000242152919,1
h0,23.9132,984.000246079766,1
h0,6.47712,985.000237021605,1
h0,26.1158,986.000241087113,1
h0,49.3691,987.000245164677,1
h0,72.2799,988.0002362411,1
h0,94.7251,989.000240315969,1
h0,116.87,990.000244389835,1
h0,138.681,991.00023546259,1
h0,160.301,992.000239534705,1
h0,182.295,993.000243608069,1
h0,204.312,994.000234681513,1
h0,226.217,995.00023875458,1
h0,248.076,996.000242827491,1
h0,269.85,997.000246900122,1
h0,291.662,998.00023797288,1
h0,313.317,999.000242045113,1
h0,335.017,1000.000246117495,1
h0,356.766,1001.000237190045,1
h0,378.453,1002.000241262384,1
