h0,410.619,956.000239369677,1
h0,382.465,957.000243275765,1
h0,354.363,958.000247182029,1
h0,326.286,959.000238088372,1
h0,298.317,960.000241995077,1
h0,270.374,961.00024590187,1
h0,242.426,962.000236808646,1
h0,214.525,963.000240715579,1
h0,186.651,964.000244622601,1
h0,158.788,965.000235529661,1
h0,130.955,966.00023943682,1
h0,103.13,967.000243344003,1
h0,75.3748,968.000234251423,1
h0,47.619,969.00023815884,1
h0,19.9648,970.000242066595,1
h0,8.68123,971.000246028957,1
h0,35.9919,972.000237120056,1
h0,64.2337,973.000241214261,1
h0,94.1065,974.000245313905,1
h0,125.899,975.000236419953,1
h0,159.566,976.000240532255,1
h0,195.58,977.000244652385,1
h0,234.404,978.000235781889,1
h0,275.75,979.000239919804,1
h0,316.308,980.000244055091,1
h0,355.358,981.000235185348,1
