h0,399.823,966.000239333667,1
h0,363.418,967.000243212232,1
h0,326.782,968.000247090026,1
h0,289.951,969.000237967173,1
h0,252.887,970.000241843539,1
h0,215.675,971.000245719413,1
h0,178.326,972.00023659483,1
h0,140.865,973.000240469876,1
h0,103.345,974.000244344723,1
h0,65.7063,975.000235219172,1
h0,28.0959,976.000239093718,1
h0,10.3799,977.000243034624,1
h0,47.7956,978.000234159429,1
h0,85.6115,979.000238285569,1
h0,122.848,980.000242409778,1
h0,159.404,981.000246531714,1
h0,195.355,982.000237651635,1
h0,230.573,983.000241769108,1
h0,265.251,984.000245884782,1
h0,299.341,985.000236998492,1
h0,332.902,986.000241110441,1
h0,365.951,987.000245220682,1
