h0,398.563,950.000241329463,1
h0,358.384,951.00024519544,1
h0,317.949,952.000236060564,1
h0,277.357,953.000239925164,1
h0,236.634,954.000243789325,1
h0,196.091,955.000234654088,1
h0,156.019,956.000238520425,1
h0,116.437,957.000242388394,1
h0,77.2671,958.000246257735,1
h0,38.6226,959.000237128831,1
h0,3.20532,960.000241010692,1
h0,37.8331,961.000245126198,1
h0,75.1755,962.000236250758,1
h0,111.913,963.000240373303,1
h0,148.012,964.000244493714,1
h0,183.369,965.000235611653,1
h0,218.556,966.000239729025,1
h0,253.951,967.00024384709,1
h0,288.919,968.000234963729,1
h0,323.234,969.000239078193,1
h0,357.048,970.000243190983,1
