h0,399.712,936.000237333296,1
h0,354.5,937.000241182484,1
h0,310.219,938.000245034781,1
h0,266.906,939.000235890301,1
h0,224.417,940.000239748574,1
h0,182.724,941.000243609501,1
h0,141.712,942.000234472699,1
h0,101.276,943.000238337822,1
h0,61.4532,944.000242204986,1
h0,22.2004,945.000246074053,1
h0,17.2599,946.000237057573,1
h0,55.6534,947.00024118564,1
h0,93.7905,948.000245312852,1
h0,131.669,949.000236439201,1
h0,169.244,950.000240564536,1
h0,205.791,951.000244686446,1
h0,240.936,952.000235803677,1
h0,274.827,953.000239916726,1
h0,307.444,954.000244025522,1
h0,338.894,955.000235130429,1
h0,369.28,956.000239231786,1
