h0,411.738,949.000237373411,1
h0,374.562,950.000241249404,1
h0,337.562,951.000245125986,1
h0,301.655,952.000236006214,1
h0,265.037,953.000239884069,1
h0,227.092,954.000243757498,1
h0,188.888,955.000234630064,1
h0,150.512,956.000238502053,1
h0,111.937,957.000242373381,1
h0,73.2119,958.000246244209,1
h0,34.3489,959.000237114576,1
h0,5.81137,960.000241019385,1
h0,44.1489,961.000245147265,1
h0,83.3846,962.000236278141,1
h0,122.899,963.000240409947,1
h0,162.565,964.000244542259,1
h0,202.309,965.000235674831,1
h0,242.106,966.000239807578,1
h0,281.939,967.000243940447,1
h0,321.889,968.000235073705,1
h0,361.975,969.00023920742,1
