h0,398.805,950.00024133027,1
h0,363.887,951.000245213797,1
h0,330.595,952.000236102745,1
h0,298.89,953.00023999699,1
h0,268.479,954.000243895548,1
h0,239.201,955.00023479789,1
h0,210.108,956.000238700844,1
h0,178.597,957.000242595735,1
h0,144.541,958.000246482136,1
h0,108.859,959.000237363114,1
h0,71.4886,960.00024123846,1
h0,32.4837,961.000245108354,1
h0,8.90152,962.000236029692,1
h0,50.7983,963.000240169445,1
h0,93.9918,964.000244313523,1
h0,136.606,965.000235455667,1
h0,178.783,966.000239596356,1
h0,220.457,967.000243735365,1
h0,261.759,968.000234873134,1
h0,302.724,969.000239009777,1
h0,343.365,970.000243145341,1
