h0,395.419,977.000245318974,1
h0,368.93,978.000236230618,1
h0,342.347,979.000240141948,1
h0,315.781,980.000244053333,1
h0,289.103,981.000234964344,1
h0,262.387,982.000238875228,1
h0,235.655,983.000242786059,1
h0,208.913,984.00024669686,1
h0,182.136,985.000237607542,1
h0,155.351,986.000241518194,1
h0,128.623,987.000245429041,1
h0,101.841,988.000236339705,1
h0,75.0815,989.000240250445,1
h0,48.3818,990.000244161384,1
h0,22.0107,991.00023507342,1
h0,8.64539,992.000239028838,1
h0,33.3202,993.000243111144,1
h0,59.9412,994.000234199942,1
h0,86.7102,995.000238289234,1
h0,113.574,996.00024237884,1
h0,140.445,997.000246468475,1
h0,167.305,998.000237558071,1
h0,194.21,999.000241647816,1
h0,221.141,1000.000245737648,1
h0,247.855,1001.000236826756,1
h0,274.013,1002.000240914009,1
h0,299.631,1003.00024499946,1
h0,324.798,1004.00023608341,1
h0,349.51,1005.000240165839,1
h0,373.817,1006.000244246921,1
