h0,410.373,981.000235368856,1
h0,384.325,982.000239281971,1
h0,359.096,983.000243197816,1
h0,334.904,984.000247117118,1
h0,311.658,985.000238039578,1
h0,289.195,986.000241964652,1
h0,267.479,987.000245892212,1
h0,246.355,988.000236821751,1
h0,225.736,989.000240752976,1
h0,205.572,990.000244685713,1
h0,185.763,991.000235619639,1
h0,166.259,992.00023955458,1
h0,146.988,993.000243490299,1
h0,127.921,994.000234426698,1
h0,109.005,995.000238363601,1
h0,90.2557,996.000242301061,1
h0,71.5956,997.000246238817,1
h0,53.0644,998.000237177004,1
h0,34.7294,999.000241115845,1
h0,16.8897,1000.000245056338,1
h0,7.00336,1001.000236023361,1
h0,22.1619,1002.000240073924,1
h0,40.1262,1003.000244133846,1
h0,58.3145,1004.000235194516,1
h0,76.577,1005.000239255433,1
h0,94.7483,1006.000243316046,1
h0,112.78,1007.000234376193,1
h0,130.565,1008.000238435518,1
h0,148.125,1009.000242494091,1
h0,165.445,1010.000246551865,1
h0,182.524,1011.000237608836,1
h0,199.328,1012.000241664888,1
h0,215.963,1013.000245720374,1
h0,232.917,1014.000236776926,1
h0,250.493,1015.000240835554,1
h0,267.978,1016.000244893878,1
h0,285.215,1017.000235951373,1
h0,302.245,1018.00024000818,1
h0,319.001,1019.000244064073,1
h0,335.499,1020.000235119104,1
h0,351.83,1021.000239173579,1
h0,369.106,1022.000243231204,1
