h0,407.263,963.000241358483,1
h0,383.107,964.000245277909,1
h0,358.755,965.000236196678,1
h0,334.13,966.000240114539,1
h0,309.376,967.000244031966,1
h0,284.477,968.000234948913,1
h0,259.46,969.000238865464,1
h0,234.244,970.000242781353,1
h0,208.228,971.000246694573,1
h0,181.13,972.000237604184,1
h0,152.935,973.000241510136,1
h0,124.105,974.000245413971,1
h0,94.9463,975.000236316707,1
h0,65.566,976.000240218705,1
h0,36.0369,977.000244120206,1
h0,8.34825,978.000235027847,1
h0,25.7906,979.000239086028,1
h0,55.8839,980.000243186409,1
h0,86.3454,981.000234288017,1
h0,116.439,982.000238388397,1
h0,145.926,983.000242486757,1
h0,174.758,984.000246582931,1
h0,202.899,985.000237676797,1
h0,230.441,986.000241768667,1
h0,257.36,987.000245858461,1
h0,283.636,988.000236946107,1
h0,309.316,989.000241031768,1
h0,334.385,990.00024511539,1
h0,358.863,991.000236197037,1
