h0,383.898,955.000235280546,1
h0,349.695,956.000239166458,1
h0,314.549,957.000243049222,1
h0,277.358,958.000246925166,1
h0,239.855,959.000237800071,1
h0,201.989,960.000241673761,1
h0,163.186,961.00024554433,1
h0,124.291,962.000236414591,1
h0,86.3346,963.000240287981,1
h0,49.1352,964.000244163897,1
h0,12.8516,965.000235042868,1
h0,23.8583,966.000239079583,1
h0,59.3378,967.00024319793,1
h0,94.4904,968.000234315186,1
h0,129.299,969.000238431295,1
h0,163.859,970.000242546573,1
h0,198.147,971.000246660946,1
h0,232.293,972.000237774846,1
h0,266.28,973.000241888213,1
h0,300.112,974.000246001064,1
h0,333.87,975.00023711367,1
h0,367.494,976.000241225828,1
