h0,406.955,963.000241357455,1
h0,383.569,964.000245279447,1
h0,360.151,965.000236201335,1
h0,336.736,966.000240123229,1
h0,313.292,967.000244045029,1
h0,289.847,968.000234966827,1
h0,266.373,969.000238888525,1
h0,242.897,970.000242810217,1
h0,219.445,971.000246731988,1
h0,195.956,972.00023765364,1
h0,172.542,973.000241575537,1
h0,149.061,974.000245497215,1
h0,125.6,975.000236418956,1
h0,102.128,976.000240340661,1
h0,78.6747,977.000244262431,1
h0,55.3117,978.0002351845,1
h0,32.1154,979.000239107125,1
h0,10.1853,980.000243033974,1
h0,16.8131,981.000234056082,1
h0,39.5925,982.000238132066,1
h0,62.8979,983.000242209805,1
h0,86.3311,984.00024628797,1
h0,109.775,985.00023736617,1
h0,133.23,986.000241444408,1
h0,156.702,987.0002455227,1
h0,180.193,988.000236601058,1
h0,203.663,989.000240679347,1
h0,227.176,990.000244757779,1
h0,250.694,991.000235836225,1
h0,274.323,992.000239915043,1
h0,297.769,993.000243993252,1
h0,321.165,994.000235071292,1
h0,344.515,995.000239149178,1
h0,368.041,996.000243227652,1
