h0,386.949,959.000238290722,1
h0,354.475,960.000242182403,1
h0,322.063,961.000246074288,1
h0,289.695,962.000236966318,1
h0,257.442,963.000240858733,1
h0,225.211,964.000244751221,1
h0,193.061,965.000235643982,1
h0,160.954,966.000239536886,1
h0,128.925,967.000243430046,1
h0,96.926,968.00023432331,1
h0,64.9938,969.000238216796,1
h0,33.2969,970.000242111066,1
h0,6.43277,971.000246021457,1
h0,31.988,972.0002371067,1
h0,63.6807,973.000241212416,1
h0,95.5196,974.000245318619,1
h0,127.416,975.000236425014,1
h0,159.162,976.000240530908,1
h0,190.165,977.000244634323,1
h0,220.194,978.000235734488,1
h0,249.091,979.000239830878,1
h0,277.061,980.000243924177,1
h0,304.039,981.000235014164,1
h0,330.151,982.000239101265,1
h0,355.567,983.000243186045,1
