h0,392.794,964.00024531022,1
h0,364.628,965.00023621627,1
h0,337.133,966.000240124556,1
h0,309.769,967.000244033277,1
h0,281.652,968.000234939491,1
h0,252.489,969.000238842211,1
h0,223.086,970.000242744136,1
h0,193.666,971.000246646,1
h0,164.265,972.000237547929,1
h0,134.885,973.000241449928,1
h0,105.515,974.000245351959,1
h0,76.1404,975.000236253977,1
h0,46.9244,976.000240156523,1
h0,18.2556,977.000244060894,1
h0,13.1148,978.000235043746,1
h0,39.2775,979.000239131016,1
h0,65.2417,980.000243217623,1
h0,90.2608,981.000234301078,1
h0,114.416,982.00023838165,1
h0,137.735,983.000242459434,1
h0,160.278,984.000246534629,1
h0,182.223,985.000237607829,1
h0,203.61,986.000241679168,1
h0,224.513,987.000245748896,1
h0,245.044,988.000236817379,1
h0,265.227,989.0002408847,1
h0,285.07,990.000244950892,1
h0,304.773,991.000236016613,1
h0,324.291,992.000240081719,1
h0,343.63,993.000244146228,1
h0,362.588,994.000235209464,1
