h0,35.1584,903.000291117276,1
h0,45.3267,904.000243151194,1
h0,55.468,905.000234185021,1
h0,65.1732,906.000238217395,1
h0,71.8361,907.000242239619,1
h0,75.2325,908.000246250949,1
h0,75.9857,909.000237253461,1
h0,76.2483,910.000241254337,1
h0,77.9762,911.000245260101,1
h0,81.3662,912.000236271409,1
h0,84.5508,913.000240282031,1
h0,87.455,914.000244291718,1
h0,89.6159,915.000235298927,1
h0,89.5043,916.000239298554,1
h0,86.8761,917.000243289787,1
h0,83.5821,918.0002342788,1
h0,81.0876,919.000238270479,1
h0,79.4535,920.000242265028,1
h0,78.2436,921.000246260992,1
h0,76.7908,922.000237256147,1
h0,75.3226,923.000241251249,1
h0,75.0038,924.000245250186,1
h0,75.0758,925.000236250426,1
h0,75.1179,926.000240250566,1
h0,75.2445,927.000244250989,1
h0,74.5421,928.000235248646,1
h0,73.3447,929.000239244652,1
h0,70.3727,930.000243234738,1
h0,65.5558,931.000234218671,1
h0,60.9487,932.000238203303,1
h0,56.7442,933.000242189278,1
h0,52.878,934.000246176382,1
h0,49.5683,935.000237165342,1
h0,46.7165,936.000241155829,1
h0,44.309,937.000245147799,1
h0,41.5634,938.00023613864,1
h0,37.2921,939.000240124393,1
h0,33.7776,940.00024411267,1
h0,31.8266,941.000235106162,1
h0,31.492,942.000239105046,1
h0,31.4897,943.000243105038,1
h0,31.497,944.000234105063,1
h0,31.4268,945.000238104828,1
h0,31.418,946.000242104799,1
h0,31.2786,947.000246104334,1
h0,31.3417,948.000237104545,1
h0,31.2581,949.000241104266,1
h0,31.9723,950.000245106648,1
h0,34.5026,951.000236115088,1
h0,37.0541,952.000240123599,1
h0,39.0556,953.000244130276,1
h0,40.6016,954.000235135432,1
h0,40.6278,955.00023913552,1
h0,38.7437,956.000243129235,1
h0,36.4261,957.000234121504,1
h0,34.5185,958.000238115141,1
h0,32.9042,959.000242109756,1
h0,31.5584,960.000246105267,1
h0,30.4172,961.000237101461,1
h0,29.4476,962.000241098227,1
h0,28.6552,963.000245095583,1
h0,28.0004,964.000236093399,1
h0,27.4869,965.000240091686,1
h0,27.037,966.000244090186,1
h0,26.67,967.000235088961,1
h0,26.3926,968.000239088036,1
h0,26.1519,969.000243087233,1
h0,25.941,970.00023408653,1
h0,25.7862,971.000238086014,1
h0,25.675,972.000242085643,1
h0,25.5501,973.000246085226,1
h0,25.4651,974.000237084942,1
h0,25.3961,975.000241084712,1
h0,25.3444,976.00024508454,1
h0,25.3026,977.0002360844,1
h0,25.2528,978.000240084234,1
h0,25.2311,979.000244084162,1
h0,25.1884,980.00023508402,1
h0,25.1516,981.000239083897,1
h0,25.125,982.000243083808,1
h0,25.125,983.000234083808,1
h0,25.1011,984.000238083728,1
h0,25.0862,985.000242083679,1
h0,25.0688,986.000246083621,1
h0,25.0749,987.000237083641,1
h0,25.1234,988.000241083803,1
h0,25.5065,989.000245085081,1
h0,26.1129,990.000236087103,1
h0,26.899,991.000240089725,1
h0,27.8332,992.000244092841,1
h0,28.8623,993.000235096274,1
h0,30.0713,994.000239100307,1
h0,30.7794,995.000243102669,1
h0,31.2408,996.000234104208,1
h0,31.4871,997.00023810503,1
h0,31.5462,998.000242105227,1
h0,31.4604,999.00024610494,1
h0,31.5186,1000.000237105135,1
h0,31.6677,1001.000241105632,1
h0,31.8052,1002.000245106091,1
h0,31.8669,1003.000236106297,1
h0,31.8551,1004.000240106257,1
h0,31.7945,1005.000244106055,1
h0,31.7055,1006.000235105758,1
h0,31.5712,1007.00023910531,1
h0,31.4046,1008.000243104755,1
h0,31.4056,1009.000234104758,1
h0,31.5809,1010.000238105343,1
h0,31.789,1011.000242106037,1
h0,32.2996,1012.00024610774,1
