h0,403.692,950.000241346573,1
h0,370.858,951.000245237049,1
h0,339.224,952.000236131528,1
h0,308.669,953.000240029609,1
h0,278.91,954.000243930343,1
h0,248.301,955.000234828242,1
h0,216.121,956.000238720901,1
h0,182.437,957.000242608543,1
h0,147.156,958.000246490858,1
h0,110.242,959.000237367726,1
h0,71.3851,960.000241238115,1
h0,30.8624,961.000245102946,1
h0,10.716,962.000236035745,1
h0,49.976,963.000240166702,1
h0,87.0708,964.000244290437,1
h0,121.622,965.000235405688,1
h0,153.804,966.000239513033,1
h0,185.12,967.000243617495,1
h0,216.16,968.000234721031,1
h0,245.507,969.000238818922,1
h0,274.147,970.000242914455,1
h0,302.217,971.000247008089,1
h0,329.814,972.00023810014,1
h0,357.282,973.000242191765,1
