h0,383.765,963.000240280103,1
h0,338.556,964.000244129301,1
h0,293.841,965.000234980149,1
h0,249.662,966.000238832782,1
h0,206.072,967.000242687382,1
h0,163.001,968.000246543714,1
h0,120.402,969.000237401616,1
h0,78.19,970.000241260814,1
h0,35.7309,971.000245119185,1
h0,7.7217,972.000236025757,1
h0,49.3565,973.000240164635,1
h0,91.2577,974.000244304403,1
h0,132.769,975.000235442871,1
h0,173.888,976.000239580027,1
h0,214.579,977.000243715759,1
h0,254.174,978.000234847835,1
h0,292.582,979.000238975947,1
h0,330.185,980.000243101378,1
h0,366.876,981.000247223768,1
