h0,373.637,969.000243246319,1
h0,330.91,970.000247103796,1
h0,288.465,971.000237962215,1
h0,246.226,972.000241821322,1
h0,204.176,973.000245681057,1
h0,162.255,974.000236541224,1
h0,120.472,975.000240401852,1
h0,78.826,976.000244262935,1
h0,37.4401,977.000235124887,1
h0,7.91646,978.000239026406,1
h0,46.7194,979.000243155839,1
h0,88.0772,980.000234293794,1
h0,129.584,981.000238432246,1
h0,171.029,982.000242570492,1
h0,212.562,983.00024670903,1
h0,254.091,984.000237847558,1
h0,296.062,985.000241987558,1
h0,339.907,986.000246133807,1
