h0,413.615,979.00024437967,1
h0,394.021,980.000235314312,1
h0,374.666,981.00023924975,1
h0,355.516,982.000243185873,1
h0,336.453,983.000247122287,1
h0,317.434,984.000238058845,1
h0,298.475,985.000241995606,1
h0,279.52,986.000245932379,1
h0,260.58,987.000236869203,1
h0,241.661,988.000240806094,1
h0,222.714,989.000244742893,1
h0,203.889,990.000235680099,1
h0,185.128,991.000239617521,1
h0,166.424,992.000243555132,1
h0,147.814,993.000234493056,1
h0,129.324,994.00023843138,1
h0,110.897,995.000242369914,1
h0,92.5778,996.000246308806,1
h0,74.5275,997.000237248597,1
h0,56.8182,998.000241189525,1
h0,39.487,999.000245131714,1
h0,22.6161,1000.000236075439,1
h0,7.92154,1001.000240026423,1
h0,13.7562,1002.000244045886,1
h0,29.1903,1003.000235097368,1
h0,47.5521,1004.000239158617,1
h0,67.6594,1005.000243225688,1
h0,88.447,1006.000234295028,1
h0,109.576,1007.000238365507,1
h0,131.015,1008.00024243702,1
h0,152.655,1009.000246509204,1
h0,174.435,1010.000237581853,1
h0,196.274,1011.0002416547,1
h0,218.174,1012.000245727751,1
h0,240.282,1013.000236801494,1
h0,263.033,1014.000240877383,1
h0,285.898,1015.000244953654,1
h0,308.872,1016.000236030286,1
h0,331.88,1017.000240107034,1
h0,355.135,1018.000244184603,1
h0,378.872,1019.000235263782,1
