h0,412.091,950.000241374588,1
h0,381.793,951.000245273524,1
h0,349.642,952.000236166279,1
h0,316.532,953.000240055836,1
h0,284.103,954.000243947666,1
h0,252.345,955.000234841733,1
h0,221.192,956.000238737817,1
h0,190.463,957.000242635315,1
h0,160.087,958.000246533993,1
h0,129.965,959.000237433515,1
h0,100.045,960.000241333714,1
h0,70.3521,961.000245234669,1
h0,40.6813,962.000236135698,1
h0,10.5184,963.000240035086,1
h0,22.1929,964.000244074027,1
h0,55.3514,965.000235184633,1
h0,89.5821,966.000239298814,1
h0,124.045,967.000243413771,1
h0,159.015,968.000234530418,1
h0,195.481,969.000238652054,1
h0,233.226,970.00024277796,1
h0,271.466,971.000246905514,1
h0,310.99,972.000238037352,1
h0,351.998,973.000242174139,1
