h0,405.257,968.000235351792,1
h0,382.804,969.000239276896,1
h0,360.705,970.000243203181,1
h0,338.87,971.000247130349,1
h0,317.242,972.000238058204,1
h0,295.793,973.000241986658,1
h0,274.59,974.000245915933,1
h0,253.832,975.000236846693,1
h0,233.521,976.000240778942,1
h0,213.613,977.000244712535,1
h0,194.06,978.000235647315,1
h0,174.855,979.000239583253,1
h0,155.968,980.000243520254,1
h0,137.357,981.000234458174,1
h0,118.994,982.000238396923,1
h0,100.822,983.000242336307,1
h0,82.8277,984.000246276283,1
h0,64.9536,985.000237216662,1
h0,47.2335,986.000241157554,1
h0,29.6338,987.000245098848,1
h0,12.2965,988.000236041017,1
h0,6.5129,989.000240021725,1
h0,23.3858,990.000244078006,1
h0,40.7934,991.000235136072,1
h0,58.2341,992.000239194248,1
h0,75.6299,993.000243252274,1
h0,93.1842,994.000234310829,1
h0,111.258,995.000238371118,1
h0,130.088,996.000242433927,1
h0,149.839,997.00024649981,1
h0,170.029,998.000237567156,1
h0,190.455,999.000241635291,1
h0,211.88,1000.000245706757,1
h0,234.65,1001.000236782708,1
h0,257.424,1002.000240858674,1
h0,279.945,1003.000244933797,1
h0,302.158,1004.000236007892,1
h0,324.086,1005.000240081033,1
h0,345.746,1006.000244153285,1
h0,367.148,1007.000235224675,1
