h0,410.383,965.000236368891,1
h0,391.699,966.000240306566,1
h0,373.102,967.000244244533,1
h0,354.648,968.000235182977,1
h0,335.776,969.000239120029,1
h0,316.011,970.000243054098,1
h0,295.402,971.000246985355,1
h0,274.642,972.000237916106,1
h0,253.783,973.000241846528,1
h0,232.643,974.000245776015,1
h0,210.697,975.000236702809,1
h0,187.289,976.000240624731,1
h0,162.433,977.000244541817,1
h0,136.081,978.000235453919,1
h0,108.115,979.000239360632,1
h0,78.3879,980.000243261474,1
h0,47.6326,981.000234158885,1
h0,16.9757,982.000238056625,1
h0,14.7365,983.000242049156,1
h0,45.915,984.000246153156,1
h0,77.7364,985.000237259301,1
h0,109.789,986.000241366217,1
h0,141.865,987.00024547321,1
h0,174.024,988.000236580482,1
h0,206.085,989.000240687425,1
h0,238.088,990.000244794178,1
h0,270.018,991.000235900684,1
h0,301.778,992.000240006624,1
h0,333.442,993.000244112244,1
h0,364.996,994.000235217494,1
