h0,411.187,977.000245371571,1
h0,390.114,978.00023630128,1
h0,369.008,979.00024023088,1
h0,346.222,980.000244154873,1
h0,321.515,981.00023507246,1
h0,294.852,982.000238983521,1
h0,266.242,983.000242888087,1
h0,235.624,984.000246785955,1
h0,202.843,985.000237676611,1
h0,167.986,986.000241560342,1
h0,132.291,987.000245441276,1
h0,98.2335,988.000236327672,1
h0,65.8068,989.000240219508,1
h0,34.8278,990.000244116173,1
h0,7.31608,991.000235024404,1
h0,27.8292,992.000239092828,1
h0,57.959,993.00024319333,1
h0,87.8057,994.000234292888,1
h0,117.24,995.000238391071,1
h0,146.297,996.000242487995,1
h0,174.978,997.000246583663,1
h0,203.382,998.00023767841,1
h0,231.453,999.000241772043,1
h0,259.387,1000.000245865221,1
h0,286.993,1001.000236957305,1
h0,314.596,1002.000241049378,1
h0,343.749,1003.000245146623,1
h0,374.755,1004.000236250046,1
