h0,415.141,991.000240384762,1
h0,394.784,992.000244316859,1
h0,374.109,993.000235247894,1
h0,353.199,994.000239178143,1
h0,332.005,995.000243107449,1
h0,310.597,996.000247036039,1
h0,288.993,997.000237963977,1
h0,267.147,998.000241891107,1
h0,245.188,999.000245817858,1
h0,223.091,1000.000236744153,1
h0,200.884,1001.000240670076,1
h0,178.6,1002.000244595746,1
h0,156.241,1003.000235521164,1
h0,133.731,1004.000239446079,1
h0,111.139,1005.000243370721,1
h0,88.4358,1006.00023429499,1
h0,65.6667,1007.00023821904,1
h0,42.8598,1008.000242142965,1
h0,20.0452,1009.000246066864,1
h0,4.53792,1010.000237015137,1
h0,26.5036,1011.000241088406,1
h0,49.6186,1012.00024516551,1
h0,72.813,1013.000236242878,1
h0,96.1016,1014.00024032056,1
h0,119.451,1015.000244398446,1
h0,142.881,1016.000235476601,1
h0,166.339,1017.000239554846,1
h0,189.857,1018.000243633294,1
h0,213.466,1019.000234712047,1
h0,237.053,1020.000238790722,1
h0,260.672,1021.000242869508,1
h0,284.327,1022.000246948412,1
h0,308.016,1023.000238027431,1
h0,331.67,1024.000242106331,1
h0,355.287,1025.000246185109,1
h0,378.868,1026.000237263767,1
