h0,380.766,946.000238270099,1
h0,343.797,947.000242146783,1
h0,307.245,948.000246024861,1
h0,271.69,949.000236906261,1
h0,237.054,950.000240790728,1
h0,203.271,951.000244678041,1
h0,170.223,952.000235567802,1
h0,137.789,953.000239459615,1
h0,105.892,954.000243353218,1
h0,74.5183,955.000234248566,1
h0,43.5221,956.000238145174,1
h0,13.1116,957.000242043736,1
h0,17.9785,958.00024605997,1
h0,48.2379,959.000237160904,1
h0,79.7504,960.000241266019,1
h0,112.873,961.000245376502,1
h0,147.764,962.000236492887,1
h0,184.419,963.000240615157,1
h0,222.771,964.000244743084,1
h0,263.069,965.000235877503,1
h0,305.339,966.000240018501,1
h0,349.588,967.000244166101,1
