h0,382.662,948.000246276423,1
h0,348.953,949.00023716398,1
h0,316.32,950.000241055131,1
h0,284.524,951.000244949069,1
h0,253.445,952.000235845403,1
h0,222.932,953.00023974362,1
h0,192.917,954.000243643503,1
h0,163.31,955.000234544742,1
h0,134.078,956.000238447236,1
h0,105.135,957.000242350692,1
h0,76.5085,958.000246255205,1
h0,48.1379,959.000237160571,1
h0,20.132,960.000241067153,1
h0,8.71003,961.000245029054,1
h0,36.0266,962.000236120172,1
h0,63.7819,963.000240212753,1
h0,92.3263,964.000244307967,1
h0,121.446,965.0002354051,1
h0,150.517,966.000239502071,1
h0,179.497,967.000243598736,1
h0,208.356,968.000234695001,1
h0,237.148,969.00023879104,1
h0,267.157,970.000242891139,1
h0,299.309,971.000246998386,1
h0,334.454,972.000238115618,1
h0,371.917,973.00024224058,1
