h0,390.602,947.000242302909,1
h0,358.204,948.00024619484,1
h0,324.169,949.000237081313,1
h0,288.431,950.000240962103,1
h0,251.019,951.000244837309,1
h0,213.26,952.000235711358,1
h0,175.388,953.000239585031,1
h0,137.383,954.000243458262,1
h0,99.7733,955.000234332808,1
h0,62.7054,956.000238209163,1
h0,27.4211,957.000242091467,1
h0,8.80017,958.000246029354,1
h0,36.697,959.000237122408,1
h0,64.3802,960.000241214749,1
h0,90.4097,961.000245301574,1
h0,115.359,962.000236384795,1
h0,139.373,963.000240464898,1
h0,162.531,964.000244542145,1
h0,184.949,965.000235616924,1
h0,206.809,966.000239689841,1
h0,228.209,967.000243761225,1
h0,249.252,968.000234831414,1
h0,270.065,969.00023890084,1
h0,290.641,970.000242969473,1
h0,311.058,971.000247037576,1
h0,331.37,972.000238105333,1
h0,351.596,973.000242172799,1
h0,371.738,974.000246239985,1
