h0,411.887,961.000246373906,1
h0,385.269,962.000237285118,1
h0,359.308,963.000241198523,1
h0,334.015,964.000245114154,1
h0,309.264,965.000236031593,1
h0,285.074,966.000239950906,1
h0,261.338,967.000243871728,1
h0,238.009,968.000234793912,1
h0,215.053,969.00023871734,1
h0,192.332,970.000242641551,1
h0,169.746,971.000246566213,1
h0,146.849,972.000237489835,1
h0,123.1,973.000241410616,1
h0,98.1209,974.000245327296,1
h0,71.7177,975.000236239224,1
h0,44.2438,976.000240147581,1
h0,16.5351,977.000244055155,1
h0,12.3834,978.000235041307,1
h0,40.5183,979.000239135154,1
h0,69.0737,980.000243230405,1
h0,98.1823,981.000234327501,1
h0,127.889,982.000238426592,1
h0,157.93,983.000242526799,1
h0,188.24,984.000246627901,1
h0,218.793,985.000237729815,1
h0,249.541,986.000241832379,1
h0,280.435,987.00024593543,1
h0,311.422,988.000237038792,1
h0,342.569,989.000241142687,1
h0,373.797,990.000245246851,1
