h0,406.165,955.000235354822,1
h0,380.534,956.000239269323,1
h0,355.636,957.000243186274,1
h0,331.222,958.000247104838,1
h0,305.111,959.000238017739,1
h0,277.01,960.000241924005,1
h0,248.317,961.000245828298,1
h0,219.89,962.000236733473,1
h0,192.977,963.000240643704,1
h0,167.406,964.000244558407,1
h0,142.861,965.000235476534,1
h0,119.221,966.000239397679,1
h0,96.2898,967.000243321188,1
h0,73.8571,968.000234246361,1
h0,51.8234,969.000238172864,1
h0,30.2068,970.000242100759,1
h0,10.0805,971.000246033625,1
h0,15.2702,972.000237050936,1
h0,36.0344,973.000241120198,1
h0,57.4114,974.000245191504,1
h0,78.9327,975.000236263291,1
h0,100.572,976.000240335473,1
h0,122.324,977.000244408029,1
h0,144.113,978.000235480711,1
h0,165.96,979.000239553582,1
h0,187.888,980.000243626726,1
h0,209.85,981.000234699986,1
h0,231.89,982.000238773503,1
h0,253.944,983.000242847065,1
h0,276.018,984.000246920697,1
h0,298.134,985.000237994468,1
h0,320.297,986.000242068395,1
h0,342.485,987.000246142407,1
h0,364.709,988.000237216537,1
