h0,401.69,949.000237339895,1
h0,372.637,950.000241242985,1
h0,343.543,951.000245145937,1
h0,314.004,952.000236047404,1
h0,283.299,953.000239944984,1
h0,251.194,954.000243837894,1
h0,218.439,955.000234728633,1
h0,185.51,956.000238618795,1
h0,152.46,957.000242508551,1
h0,119.22,958.000246397677,1
h0,85.91,959.000237286565,1
h0,52.5309,960.000241175224,1
h0,19.2759,961.000245064297,1
h0,14.8368,962.00023604949,1
h0,48.1933,963.000240160756,1
h0,81.804,964.000244272869,1
h0,115.499,965.000235385264,1
h0,149.168,966.000239497572,1
h0,182.869,967.000243609984,1
h0,216.588,968.000234722459,1
h0,250.329,969.000238835007,1
h0,284.088,970.000242947616,1
h0,317.884,971.000247060347,1
h0,351.691,972.000238173114,1
