h0,395.564,949.000237319459,1
h0,361.191,950.000241204804,1
h0,327.655,951.00024509294,1
h0,294.999,952.00023598401,1
h0,262.251,953.000239874776,1
h0,227.822,954.000243759931,1
h0,193.833,955.000234646557,1
h0,160.766,956.000238536256,1
h0,128.3,957.000242427964,1
h0,96.0086,958.00024632025,1
h0,63.5555,959.000237211998,1
h0,30.6271,960.000241102161,1
h0,4.47066,961.000245014913,1
h0,37.0786,962.000236123681,1
h0,71.0793,963.000240237095,1
h0,105.332,964.000244351349,1
h0,139.907,965.00023546668,1
h0,175.696,966.00023958606,1
h0,211.768,967.000243706381,1
h0,247.979,968.000234827169,1
h0,284.242,969.000238948129,1
h0,320.466,970.000243068961,1
h0,356.475,971.000247189073,1
