h0,379.438,961.000246265669,1
h0,339.339,962.000237131911,1
h0,299.183,963.000240997967,1
h0,258.961,964.000244863802,1
h0,218.767,965.000235729728,1
h0,178.539,966.000239595542,1
h0,138.309,967.000243461348,1
h0,98.4408,968.000234328363,1
h0,59.4851,969.000238198421,1
h0,21.4421,970.000242071523,1
h0,16.5415,971.000246055177,1
h0,53.1989,972.000237177452,1
h0,89.5483,973.000241298701,1
h0,125.444,974.000245418435,1
h0,160.924,975.000236536785,1
h0,196.1,976.00024065412,1
h0,230.979,977.000244770462,1
h0,265.613,978.000235885989,1
h0,300.712,979.000240003069,1
h0,337.125,980.000244124527,1
h0,374.969,981.000235250763,1
