h0,394.072,971.000247314483,1
h0,360.4,972.000238202166,1
h0,327.491,973.000242092393,1
h0,295.447,974.000245985505,1
h0,264.068,975.000236880835,1
h0,233.403,976.000240778547,1
h0,203.343,977.000244678279,1
h0,172.934,978.000235576844,1
h0,141.646,979.000239472482,1
h0,109.646,980.000243365739,1
h0,75.9294,981.000234253273,1
h0,42.7968,982.000238142755,1
h0,11.1873,983.000242037317,1
h0,20.3934,984.000246068025,1
h0,50.1864,985.000237167404,1
h0,79.3825,986.000241264791,1
h0,107.98,987.000245360181,1
h0,136.094,988.000236453962,1
h0,163.842,989.000240546518,1
h0,191.153,990.000244637619,1
h0,218.068,991.000235727397,1
h0,244.429,992.000239815326,1
h0,270.349,993.000243901786,1
h0,296.255,994.0002349882,1
h0,322.038,995.000239074203,1
h0,347.593,996.000243159444,1
h0,372.847,997.000247243685,1
