h0,404.114,950.000241347979,1
h0,371.997,951.00024524085,1
h0,339.988,952.000236134079,1
h0,308.13,953.00024002781,1
h0,276.48,954.000243922238,1
h0,245.026,955.000234817319,1
h0,213.752,956.000238713,1
h0,182.579,957.000242609017,1
h0,151.525,958.000246505433,1
h0,120.658,959.000237402473,1
h0,89.8899,960.00024129984,1
h0,59.2253,961.000245197554,1
h0,28.1002,962.000236093732,1
h0,5.56191,963.000240018553,1
h0,36.7463,964.000244122573,1
h0,67.933,965.0002352266,1
h0,98.8058,966.000239329581,1
h0,129.598,967.000243432293,1
h0,160.297,968.000234534692,1
h0,190.919,969.000238636838,1
h0,221.505,970.000242738863,1
h0,252.135,971.000246841031,1
h0,282.605,972.000237942669,1
h0,312.793,973.000242043367,1
h0,342.97,974.000246144024,1
h0,373.672,975.000237246436,1
