h0,206.822,915.000243689883,1
h0,226.603,916.000234755865,1
h0,244.446,917.000238815383,1
h0,260.345,918.000242868418,1
h0,274.33,919.000246915066,1
h0,286.411,920.000237955365,1
h0,296.572,921.000241989259,1
h0,304.777,922.000246016627,1
h0,310.979,923.000237037315,1
h0,314.076,924.000241047644,1
h0,314.28,925.000245048324,1
h0,314.846,926.000236050215,1
h0,316.408,927.000240055423,1
h0,318.213,928.000244061443,1
h0,317.4,929.000235058731,1
h0,314.135,930.000239047841,1
h0,308.507,931.000243029068,1
h0,300.539,932.000247002491,1
h0,290.289,933.000237968301,1
h0,278.32,934.000241928375,1
h0,266.067,935.000245887504,1
h0,253.628,936.000236846012,1
h0,241.077,937.000240804146,1
h0,228.43,938.00024476196,1
h0,216.186,939.000235721118,1
h0,205.749,940.000239686306,1
h0,197.269,941.000243658018,1
h0,190.949,942.000234636936,1
h0,186.434,943.000238621876,1
h0,182.86,944.000242609954,1
h0,179.248,945.000246597907,1
h0,175.655,946.000237585921,1
h0,172.067,947.000241573954,1
h0,168.519,948.000245562119,1
h0,164.935,949.000236550164,1
h0,161.371,950.000240538276,1
h0,157.798,951.000244526356,1
h0,154.202,952.000235514363,1
h0,150.623,953.000239502425,1
h0,147.058,954.000243490532,1
h0,143.782,955.000234479606,1
h0,140.955,956.000238470175,1
h0,138.486,957.000242461938,1
h0,136.338,958.000246454775,1
h0,134.237,959.000237447768,1
h0,131.357,960.00024143816,1
h0,127.948,961.000245426788,1
h0,124.116,962.000236414007,1
h0,120.03,963.000240400375,1
h0,115.82,964.000244386334,1
h0,111.611,965.000235372294,1
h0,108.048,966.000239360408,1
h0,106.332,967.000243354684,1
h0,106.147,968.000234354067,1
h0,107.109,969.000238357277,1
h0,109.023,970.000242363662,1
h0,110.845,971.000246369738,1
h0,112.359,972.000237374791,1
h0,113.709,973.000241379293,1
h0,114.879,974.000245383195,1
h0,115.922,975.000236386674,1
h0,116.802,976.00024038961,1
h0,117.62,977.000244392337,1
h0,118.288,978.000235394567,1
h0,118.855,979.000239396457,1
h0,118.85,980.00024339644,1
h0,117.448,981.000234391764,1
h0,114.86,982.000238383131,1
h0,111.204,983.000242370936,1
h0,106.769,984.000246356144,1
h0,101.807,985.000237339591,1
h0,97.0526,986.000241323732,1
h0,94.3133,987.000245314595,1
h0,93.4016,988.000236311554,1
h0,93.1797,989.000240310814,1
h0,92.893,990.000244309858,1
h0,92.9452,991.000235310032,1
h0,93.6565,992.000239312405,1
h0,94.6688,993.000243315781,1
h0,95.245,994.000234317703,1
h0,95.6784,995.000238319149,1
h0,96.0468,996.000242320378,1
h0,96.47,997.000246321789,1
h0,96.8602,998.000237323091,1
h0,97.1431,999.000241324034,1
h0,97.351,1000.000245324728,1
h0,97.5864,1001.000236325513,1
h0,97.738,1002.000240326019,1
h0,97.869,1003.000244326456,1
h0,97.9733,1004.000235326804,1
h0,98.2026,1005.000239327569,1
h0,98.8282,1006.000243329655,1
h0,99.2959,1007.000234331215,1
h0,99.7171,1008.000238332621,1
h0,100.627,1009.000242335654,1
