h0,397.247,951.000245325073,1
h0,369.729,952.000236233282,1
h0,342.631,953.000240142893,1
h0,315.966,954.00024405395,1
h0,289.843,955.000234966811,1
h0,264.207,956.000238881301,1
h0,238.277,957.000242794807,1
h0,211.666,958.000246706041,1
h0,185.563,959.000237618972,1
h0,160.149,960.000241534199,1
h0,135.424,961.000245451726,1
h0,111.361,962.000236371461,1
h0,87.9515,963.000240293375,1
h0,65.1184,964.000244217212,1
h0,42.9672,965.000235143323,1
h0,21.754,966.000239072563,1
h0,11.0261,967.000243036779,1
h0,31.8893,968.000234106371,1
h0,55.6228,969.000238185538,1
h0,79.1704,970.000242264084,1
h0,101.852,971.000246339742,1
h0,123.732,972.000237412726,1
h0,144.737,973.000241482791,1
h0,165.022,974.000245550453,1
h0,184.654,975.000236615941,1
h0,203.729,976.000240679567,1
h0,222.371,977.00024474175,1
h0,240.65,978.000235802722,1
h0,258.579,979.000239862525,1
h0,276.24,980.000243921437,1
h0,293.685,981.000234979628,1
h0,310.945,982.000239037202,1
h0,328.053,983.000243094266,1
h0,345.049,984.000247150961,1
h0,361.956,985.000238207355,1
