h0,409.384,947.000242365559,1
h0,368.702,948.000246229859,1
h0,326.237,949.000237088209,1
h0,282.12,950.000240941052,1
h0,236.108,951.000244787571,1
h0,189.625,952.000235632519,1
h0,143.234,953.000239477776,1
h0,96.9746,954.000243323473,1
h0,50.8149,955.0002341695,1
h0,5.56671,956.000238018569,1
h0,41.2017,957.000242137434,1
h0,85.4724,958.000246285105,1
h0,128.196,959.000237427615,1
h0,169.884,960.000241566672,1
h0,212.301,961.00024570816,1
h0,255.965,962.000236853808,1
h0,299.231,963.000240998128,1
h0,341.659,964.000245139652,1
