h0,406.55,938.000245356106,1
h0,366.856,939.000236223699,1
h0,327.629,940.000240092853,1
h0,288.767,941.000243963221,1
h0,250.203,942.000234834588,1
h0,211.937,943.000238706945,1
h0,173.879,944.000242579999,1
h0,136.053,945.000246453824,1
h0,98.4687,946.000237328456,1
h0,61.0371,947.000241203598,1
h0,23.8167,948.000245079444,1
h0,14.0397,949.000236046832,1
h0,50.9211,950.000240169855,1
h0,87.9997,951.000244293535,1
h0,125.99,952.000235420257,1
h0,165.288,953.000239551341,1
h0,204.782,954.000243683078,1
h0,243.928,955.000234813656,1
h0,282.746,956.000238943138,1
h0,321.27,957.00024307164,1
h0,359.558,958.000247199357,1
