h0,410.636,945.000247369735,1
h0,378.584,946.000238262821,1
h0,346.541,947.000242155938,1
h0,314.508,948.000246049086,1
h0,282.458,949.000236942179,1
h0,250.396,950.000240835233,1
h0,218.333,951.000244728279,1
h0,186.268,952.000235621322,1
h0,154.246,953.000239514509,1
h0,122.214,954.000243407661,1
h0,90.1772,955.000234300799,1
h0,58.2407,956.00023819427,1
h0,26.0215,957.000242086798,1
h0,8.29262,958.000246027661,1
h0,43.2606,959.000237144302,1
h0,80.4732,960.00024126843,1
h0,119.632,961.000245399051,1
h0,160.49,962.000236535336,1
h0,203.35,963.000240678304,1
h0,247.995,964.000244827222,1
h0,294.523,965.000235982424,1
h0,341.891,966.000240140426,1
