h0,394.766,950.000241316798,1
h0,365.236,951.000245218295,1
h0,334.243,952.000236114915,1
h0,301.747,953.000240006519,1
h0,269.358,954.000243898482,1
h0,238.212,955.000234794589,1
h0,208.328,956.000238694908,1
h0,179.593,957.000242599059,1
h0,151.799,958.000246506349,1
h0,124.9,959.000237416621,1
h0,98.7634,960.000241329439,1
h0,73.3379,961.000245244629,1
h0,48.5497,962.000236161944,1
h0,24.472,963.00024008163,1
h0,6.44849,964.00024402151,1
h0,26.0613,965.000235086931,1
h0,50.4681,966.000239168344,1
h0,75.7232,967.000243252586,1
h0,101.806,968.00023433959,1
h0,128.963,969.000238430174,1
h0,157.214,970.000242524408,1
h0,186.599,971.000246622426,1
h0,216.576,972.00023772242,1
h0,247.073,973.000241824146,1
h0,277.946,974.000245927128,1
h0,309.1,975.000237031046,1
h0,340.732,976.00024113656,1
h0,372.593,977.000245242838,1
