h0,401.666,974.000246339813,1
h0,381.241,975.000237271684,1
h0,360.908,976.000241203859,1
h0,340.642,977.00024513626,1
h0,320.387,978.000236068695,1
h0,300.006,979.000240000712,1
h0,279.249,980.000243931475,1
h0,257.942,981.0002348604,1
h0,236.267,982.000238788103,1
h0,214.547,983.000242715651,1
h0,192.825,984.000246643194,1
h0,171.173,985.000237570973,1
h0,149.52,986.000241498746,1
h0,128.038,987.000245427088,1
h0,106.759,988.00023635611,1
h0,85.6943,989.000240285845,1
h0,64.8526,990.000244216325,1
h0,44.287,991.000235147725,1
h0,24.1881,992.000239080683,1
h0,7.05096,993.000243023519,1
h0,18.3884,994.000234061337,1
h0,37.8941,995.000238126401,1
h0,60.0121,996.000242200179,1
h0,83.8995,997.000246279859,1
h0,109.728,998.000237366012,1
h0,137.509,999.00024145868,1
h0,167.179,1000.000245557649,1
h0,198.901,1001.000236663462,1
h0,232.632,1002.000240775977,1
h0,269.324,1003.000244898369,1
h0,307.632,1004.000236026148,1
h0,345.344,1005.000240151942,1
