h0,402.766,962.000245343483,1
h0,365.483,963.000236219121,1
h0,328.272,964.000240094996,1
h0,291.171,965.000243971243,1
h0,254.089,966.00023484755,1
h0,217.098,967.000238724159,1
h0,180.144,968.000242600897,1
h0,143.209,969.000246477693,1
h0,106.48,970.000237355178,1
h0,70.1567,971.000241234018,1
h0,33.8779,972.000245113005,1
h0,4.80292,973.000236016021,1
h0,42.0485,974.000240140259,1
h0,81.6475,975.000244272347,1
h0,122.826,976.000235409703,1
h0,164.022,977.000239547118,1
h0,203.709,978.0002436795,1
h0,242.092,979.000234807533,1
h0,279.237,980.000238931435,1
h0,315.296,981.000243051715,1
h0,350.354,982.000247168654,1
