h0,407.098,971.000247357934,1
h0,361.659,972.000238206365,1
h0,316.132,973.000242054503,1
h0,271.807,974.00024590665,1
h0,229.065,975.000236764079,1
h0,187.65,976.000240625934,1
h0,147.522,977.00024449208,1
h0,108.55,978.000235362085,1
h0,70.6063,979.000239235517,1
h0,33.5712,980.000243111982,1
h0,4.4057,981.000234014696,1
h0,39.0154,982.000238130141,1
h0,74.272,983.000242247745,1
h0,109.181,984.000246364188,1
h0,143.766,985.000237479551,1
h0,178.113,986.000241594119,1
h0,212.193,987.000245707801,1
h0,246.139,988.000236821031,1
h0,279.924,989.000240933726,1
h0,313.567,990.000245045948,1
h0,347.125,991.000236157886,1
