h0,393.808,997.000238313601,1
h0,369.615,998.000242232902,1
h0,345.721,999.000246153203,1
h0,322.065,1000.000237074293,1
h0,298.597,1001.000240996013,1
h0,275.259,1002.000244918164,1
h0,252.106,1003.000235840934,1
h0,229.175,1004.000239764445,1
h0,206.406,1005.000243688495,1
h0,183.266,1006.000234611309,1
h0,159.319,1007.00023853143,1
h0,135.173,1008.000242450889,1
h0,111.269,1009.000246371155,1
h0,87.6875,1010.000237292494,1
h0,64.3957,1011.000241214801,1
h0,41.5059,1012.000245138449,1
h0,19.2722,1013.000236064285,1
h0,7.76458,1014.0002400259,1
h0,27.4643,1015.000244091611,1
h0,49.2753,1016.000235164365,1
h0,71.3284,1017.000239237926,1
h0,93.6564,1018.000243312404,1
h0,116.314,1019.000234387981,1
h0,139.922,1020.000238466731,1
h0,164.644,1021.000242549195,1
h0,189.298,1022.000246631431,1
h0,213.694,1023.000237712805,1
h0,237.83,1024.000241793315,1
h0,261.663,1025.000245872815,1
h0,285.146,1026.000236951143,1
h0,308.552,1027.000241029219,1
h0,332.549,1028.000245109263,1
h0,357.367,1029.000236192049,1
