h0,399.99,954.000244334224,1
h0,374.209,955.000235248227,1
h0,348.575,956.000239162722,1
h0,323.168,957.000243077973,1
h0,297.93,958.000246993787,1
h0,273,959.000237910629,1
h0,248.633,960.000241829349,1
h0,224.893,961.000245750163,1
h0,201.806,962.000236673154,1
h0,179.428,963.000240598506,1
h0,157.706,964.000244526051,1
h0,136.634,965.000235455762,1
h0,115.768,966.00023938616,1
h0,93.4997,967.000243311882,1
h0,71.2209,968.000234237567,1
h0,49.1258,969.000238163866,1
h0,27.9516,970.000242093236,1
h0,11.0232,971.00024603677,1
h0,17.3831,972.000237057984,1
h0,34.6322,973.000241115521,1
h0,51.8763,974.000245173041,1
h0,68.406,975.000236228178,1
h0,84.1554,976.000240280712,1
h0,99.1548,977.000244330745,1
h0,113.531,978.000235378698,1
h0,127.337,979.00023942475,1
h0,140.674,980.000243469238,1
h0,153.531,981.000234512123,1
h0,166.19,982.000238554349,1
h0,178.604,983.000242595759,1
h0,190.783,984.000246636384,1
h0,202.881,985.000237676739,1
h0,214.873,986.000241716739,1
h0,226.727,987.00024575628,1
h0,238.563,988.00023679576,1
h0,250.353,989.000240835087,1
h0,262.172,990.000244874513,1
h0,273.899,991.000235913627,1
h0,285.635,992.000239952775,1
h0,297.354,993.000243991866,1
h0,309.08,994.000235030981,1
h0,320.804,995.000239070088,1
h0,332.498,996.000243109094,1
h0,344.214,997.000247148175,1
h0,355.894,998.000238187136,1
h0,367.622,999.000242226255,1
