h0,410.875,961.000241370533,1
h0,375.459,962.000245252398,1
h0,340.585,963.000236136068,1
h0,306.218,964.000240021435,1
h0,272.357,965.000243908485,1
h0,238.918,966.000234796944,1
h0,205.866,967.000238686696,1
h0,173.202,968.000242577741,1
h0,140.914,969.00024647004,1
h0,108.942,970.000237363391,1
h0,77.2141,971.000241257559,1
h0,45.807,972.000245152796,1
h0,14.7501,973.000236049201,1
h0,16.9497,974.000240056538,1
h0,48.0466,975.000244160266,1
h0,79.6726,976.000235265759,1
h0,111.25,977.000239371088,1
h0,142.766,978.000243476217,1
h0,174.152,979.000234580908,1
h0,205.554,980.000238685656,1
h0,236.691,981.000242789518,1
h0,266.6,982.000246889282,1
h0,294.757,983.000237983203,1
h0,321.323,984.000242071818,1
h0,346.553,985.000246155977,1
h0,370.64,986.00023723632,1
