h0,404.648,954.000244349761,1
h0,362.467,955.00023520906,1
h0,320.249,956.000239068236,1
h0,278.026,957.000242927393,1
h0,235.804,958.000246786558,1
h0,193.596,959.000237645768,1
h0,151.38,960.00024150495,1
h0,109.194,961.000245364232,1
h0,67.0533,962.000236223666,1
h0,25.2692,963.000240084289,1
h0,16.8844,964.00024405632,1
h0,58.0771,965.000235193724,1
h0,99.2231,966.000239330973,1
h0,138.952,967.000243463493,1
h0,176.365,968.000234588291,1
h0,211.644,969.000238705969,1
h0,245.009,970.000242817262,1
h0,276.622,971.000246922712,1
h0,306.787,972.00023802333,1
h0,335.696,973.00024211976,1
h0,363.534,974.000246212619,1
