h0,409.983,946.000238367557,1
h0,378.316,947.000242261927,1
h0,346.696,948.000246156455,1
h0,315.059,949.000237050924,1
h0,282.537,950.000240942442,1
h0,248.523,951.000244828983,1
h0,212.872,952.000235710063,1
h0,175.991,953.000239587042,1
h0,139.568,954.00024346555,1
h0,103.869,955.000234346471,1
h0,68.8615,956.000238229697,1
h0,34.934,957.000242116527,1
h0,3.86323,958.000246012886,1
h0,29.9348,959.000237099852,1
h0,61.6586,960.000241205671,1
h0,93.6558,961.000245312402,1
h0,125.667,962.00023641918,1
h0,157.378,963.000240524955,1
h0,188.864,964.000244629981,1
h0,220.091,965.000235734145,1
h0,251.17,966.000239837813,1
h0,282.072,967.000243940892,1
h0,312.672,968.000235042961,1
h0,342.967,969.000239144015,1
h0,372.973,970.000243244104,1
