h0,378.416,949.000237262259,1
h0,338.576,950.000241129367,1
h0,300.95,951.00024500386,1
h0,265.312,952.000235884986,1
h0,231.477,953.000239772125,1
h0,199.228,954.000243664552,1
h0,168.355,955.000234561573,1
h0,138.751,956.000238462824,1
h0,110.207,957.00024236761,1
h0,82.5878,958.000246275483,1
h0,55.8904,959.00023718643,1
h0,30.1253,960.000241100487,1
h0,7.09997,961.000245023683,1
h0,25.3381,962.000236084519,1
h0,52.0997,963.000240173786,1
h0,78.3546,964.000244261363,1
h0,103.986,965.00023534686,1
h0,129.029,966.000239430394,1
h0,153.596,967.00024351234,1
h0,177.868,968.000234593304,1
h0,202.445,969.000238675284,1
h0,227.695,970.000242759507,1
h0,253.75,971.000246846418,1
h0,280.167,972.000237934535,1
h0,306.825,973.000242023458,1
h0,333.709,974.000246113135,1
h0,360.796,975.000237203486,1
