h0,406.624,945.000247356351,1
h0,364.585,946.000238216123,1
h0,322.9,947.00024207708,1
h0,281.614,948.000245939365,1
h0,240.674,949.0002368028,1
h0,200.12,950.000240667528,1
h0,159.927,951.000244533458,1
h0,119.611,952.000235398979,1
h0,79.1044,953.000239263864,1
h0,38.9408,954.000243129893,1
h0,3.37696,955.000234011264,1
h0,40.7454,956.000238135912,1
h0,79.8914,957.000242266489,1
h0,118.712,958.000246395981,1
h0,157.176,959.000237524283,1
h0,195.297,960.00024165144,1
h0,232.943,961.000245777015,1
h0,270.341,962.000236901762,1
h0,307.374,963.000241025289,1
h0,344.121,964.000245147863,1
