h0,409.886,963.000241367234,1
h0,385.483,964.000245285834,1
h0,361.824,965.000236206913,1
h0,339.131,966.000240131219,1
h0,317.294,967.000244058379,1
h0,296.231,968.000234988122,1
h0,275.803,969.000238919979,1
h0,255.945,970.00024285374,1
h0,236.581,971.000246789149,1
h0,217.604,972.00023772585,1
h0,198.98,973.000241663727,1
h0,180.613,974.000245602461,1
h0,162.531,975.000236542146,1
h0,144.604,976.000240482347,1
h0,126.832,977.000244423065,1
h0,109.187,978.00023536421,1
h0,91.638,979.000239305671,1
h0,74.2009,980.000243247508,1
h0,56.8933,981.000234189776,1
h0,39.7043,982.000238132439,1
h0,22.8446,983.000242076201,1
h0,7.93217,984.000246026459,1
h0,14.0572,985.00023704689,1
h0,30.6243,986.000241102152,1
h0,48.4873,987.000245161736,1
h0,67.4676,988.000236225048,1
h0,87.1705,989.000240290769,1
h0,107.207,990.000244357603,1
h0,127.302,991.000235424632,1
h0,147.401,992.000239491677,1
h0,167.443,993.00024355853,1
h0,187.367,994.000234624989,1
h0,207.182,995.000238691084,1
h0,226.814,996.000242756569,1
h0,246.35,997.000246821736,1
h0,265.718,998.000237886341,1
h0,285.016,999.000241950711,1
h0,304.114,1000.000246014414,1
h0,323.066,1001.000237077634,1
h0,341.908,1002.000241140483,1
h0,360.682,1003.000245203105,1
