h0,411.404,978.000236372297,1
h0,397.689,979.000240326549,1
h0,384.004,980.000244280901,1
h0,370.384,981.000235235468,1
h0,356.803,982.000239190167,1
h0,343.273,983.000243145035,1
h0,329.79,984.000247100061,1
h0,316.297,985.000238055053,1
h0,302.913,986.000242010407,1
h0,289.639,987.000245966131,1
h0,276.517,988.00023692236,1
h0,263.501,989.000240878943,1
h0,250.697,990.000244836235,1
h0,238.05,991.000235794049,1
h0,225.59,992.000239752489,1
h0,213.292,993.000243711466,1
h0,201.207,994.000234671155,1
h0,189.307,995.00023863146,1
h0,177.55,996.000242592244,1
h0,165.97,997.000246553616,1
h0,154.481,998.000237515293,1
h0,143.15,999.000241477496,1
h0,131.86,1000.000245439837,1
h0,120.703,1001.00023640262,1
h0,109.63,1002.000240365688,1
h0,98.5863,1003.000244328848,1
h0,87.6442,1004.000235292349,1
h0,76.7249,1005.000239255927,1
h0,65.8768,1006.000243219741,1
h0,55.0842,1007.000234183741,1
h0,44.3787,1008.000238148031,1
h0,33.8061,1009.000242112765,1
h0,23.5767,1010.000246078643,1
h0,14.3117,1011.000237047739,1
h0,9.60385,1012.000241032035,1
h0,14.7125,1013.000245049075,1
h0,24.0079,1014.000236080082,1
h0,34.2383,1015.000240114207,1
h0,44.7794,1016.000244149368,1
h0,55.4506,1017.000235184963,1
h0,66.1628,1018.000239220696,1
h0,76.9276,1019.000243256603,1
h0,87.7311,1020.000234292639,1
h0,98.5293,1021.000238328658,1
h0,109.344,1022.000242364734,1
h0,120.169,1023.000246400839,1
h0,130.998,1024.000237436961,1
h0,141.84,1025.000241473128,1
h0,152.662,1026.000245509225,1
h0,163.483,1027.000236545321,1
h0,174.333,1028.000240581512,1
h0,185.165,1029.000244617645,1
h0,195.973,1030.000235653697,1
h0,206.861,1031.000239690013,1
h0,217.708,1032.000243726194,1
h0,228.572,1033.000234762435,1
h0,239.414,1034.000238798598,1
h0,250.28,1035.000242834843,1
h0,261.16,1036.000246871135,1
h0,271.981,1037.00023790723,1
h0,282.818,1038.000241943381,1
h0,293.69,1039.000245979645,1
h0,304.537,1040.000237015825,1
h0,315.404,1041.000241052076,1
h0,326.253,1042.000245088264,1
h0,337.131,1043.000236124549,1
h0,347.965,1044.000240160685,1
h0,358.847,1045.000244196984,1
h0,369.686,1046.00023523314,1
