h0,388.611,944.000243296267,1
h0,354.471,945.000247182389,1
h0,320.696,946.000238069727,1
h0,287.451,947.000241958833,1
h0,253.385,948.0002458452,1
h0,217.724,949.00023672625,1
h0,182.749,950.000240609586,1
h0,148.447,951.000244495165,1
h0,114.795,952.000235382916,1
h0,80.8628,953.000239269729,1
h0,46.3035,954.000243154452,1
h0,12.7002,955.000234042363,1
h0,24.3061,956.000238081077,1
h0,57.9007,957.000242193136,1
h0,90.7767,958.000246302799,1
h0,122.421,959.000237408351,1
h0,152.988,960.000241510312,1
h0,182.613,961.000245609132,1
h0,211.417,962.00023670521,1
h0,239.541,963.000240799023,1
h0,267.1,964.000244890949,1
h0,294.251,965.000235981517,1
h0,321.102,966.000240071082,1
h0,347.634,967.000244159584,1
h0,373.95,968.000235247363,1
