h0,396.756,973.000242323434,1
h0,377.816,974.000246260257,1
h0,358.839,975.000237196957,1
h0,339.842,976.000241133592,1
h0,320.877,977.000245070332,1
h0,301.912,978.000236007072,1
h0,282.941,979.000239943791,1
h0,264.014,980.000243880657,1
h0,245.077,981.000234817487,1
h0,226.149,982.000238754352,1
h0,207.196,983.000242691132,1
h0,188.233,984.000246627877,1
h0,169.278,985.000237564652,1
h0,150.338,986.000241501474,1
h0,131.437,987.000245438426,1
h0,112.543,988.000236375402,1
h0,93.6125,989.000240312258,1
h0,74.7679,990.000244249399,1
h0,55.9882,991.000235186757,1
h0,36.6876,992.000239122377,1
h0,16.9344,993.000243056487,1
h0,9.26143,994.000234030893,1
h0,31.5988,995.000238105402,1
h0,56.6057,996.000242188816,1
h0,81.9366,997.000246273311,1
h0,107.442,998.000237358389,1
h0,133.086,999.000241443927,1
h0,158.769,1000.000245529598,1
h0,184.559,1001.000236615621,1
h0,210.351,1002.000240701656,1
h0,236.154,1003.000244787725,1
h0,262.052,1004.000235874113,1
h0,287.957,1005.000239960522,1
h0,313.88,1006.00024404699,1
h0,339.808,1007.000235133477,1
h0,365.719,1008.000239219909,1
