h0,400.969,1005.000235337487,1
h0,378.247,1006.000239261696,1
h0,355.59,1007.000243186119,1
h0,333.092,1008.000247111076,1
h0,310.899,1009.000238037048,1
h0,288.736,1010.000241963118,1
h0,264.999,1011.000245883942,1
h0,239.812,1012.000236799927,1
h0,215.139,1013.000240717626,1
h0,191.068,1014.000244637335,1
h0,166.61,1015.00023555575,1
h0,141.529,1016.00023947209,1
h0,116.288,1017.000243387895,1
h0,91.7154,1018.00023430593,1
h0,67.6108,1019.000238225525,1
h0,42.2816,1020.000242141036,1
h0,15.1567,1021.000246050557,1
h0,15.0017,1022.00023705004,1
h0,39.6849,1023.000241132375,1
h0,63.6721,1024.000245212387,1
h0,86.5064,1025.000236288554,1
h0,108.489,1026.00024036188,1
h0,130.625,1027.000244435717,1
h0,154.517,1028.000235515413,1
h0,179.325,1029.000239598164,1
h0,204.063,1030.000243680679,1
h0,228.713,1031.000234762906,1
h0,253.368,1032.000238845143,1
h0,278.028,1033.000242927402,1
h0,302.582,1034.000247009305,1
h0,327.146,1035.000238091242,1
h0,351.733,1036.000242173256,1
h0,376.283,1037.000246255144,1
