h0,400.505,978.000236335942,1
h0,381.869,979.000240273778,1
h0,363.278,980.000244211767,1
h0,344.757,981.000235149987,1
h0,326.234,982.0002390882,1
h0,307.76,983.000243026577,1
h0,289.308,984.000246965026,1
h0,270.898,985.000237903619,1
h0,252.471,986.000241842153,1
h0,234.088,987.000245780834,1
h0,215.686,988.000236719451,1
h0,197.347,989.000240658278,1
h0,178.978,990.000244597006,1
h0,160.626,991.000235535791,1
h0,142.258,992.000239474521,1
h0,123.925,993.000243413371,1
h0,105.563,994.00023435212,1
h0,87.1829,995.000238290811,1
h0,68.8622,996.000242229699,1
h0,50.4941,997.00024616843,1
h0,32.2353,998.000237107525,1
h0,14.1267,999.000241047122,1
h0,5.5977,1000.000245018672,1
h0,23.1361,1001.000236077174,1
h0,41.591,1002.000240138732,1
h0,61,1003.000244203474,1
h0,81.4684,1004.000235271749,1
h0,102.54,1005.000239342036,1
h0,123.963,1006.000243413495,1
h0,145.639,1007.000234485799,1
h0,167.478,1008.000238558645,1
h0,188.963,1009.000242630314,1
h0,210.009,1010.000246700514,1
h0,230.595,1011.000237769181,1
h0,250.768,1012.000241836472,1
h0,270.534,1013.000245902405,1
h0,289.907,1014.000236967027,1
h0,308.931,1015.000241030483,1
h0,327.655,1016.000245092938,1
h0,346.139,1017.000236154594,1
h0,364.374,1018.000240215421,1
