h0,407.33,944.000243358707,1
h0,367.375,945.000247225431,1
h0,327.539,946.000238092553,1
h0,287.752,947.000241959837,1
h0,248.041,948.000245827375,1
h0,208.493,949.000236695459,1
h0,169.057,950.000240563912,1
h0,129.275,951.000244431214,1
h0,87.6942,952.000235292516,1
h0,44.7901,953.000239149404,1
h0,3.96723,954.000243013233,1
h0,39.3923,955.000234131399,1
h0,80.1672,956.000238267409,1
h0,120.537,957.000242402067,1
h0,160.717,958.000246536093,1
h0,200.664,959.000237669342,1
h0,241.07,960.000241804122,1
h0,282.125,961.000245941068,1
h0,324.15,962.000237081248,1
h0,367.442,963.000241225656,1
