h0,403.075,954.000244344513,1
h0,372.891,955.000235243829,1
h0,342.932,956.000239143899,1
h0,313.083,957.000243044333,1
h0,283.326,958.000246945075,1
h0,253.743,959.000237846395,1
h0,224.173,960.000241747761,1
h0,194.668,961.000245649344,1
h0,165.24,962.000236551181,1
h0,135.851,963.000240453149,1
h0,106.463,964.000244355124,1
h0,77.1244,965.000235257259,1
h0,47.7771,966.000239159367,1
h0,17.7307,967.000243059143,1
h0,14.4857,968.000234048319,1
h0,47.3046,969.000238157791,1
h0,81.8919,970.000242273162,1
h0,118.104,971.000246393953,1
h0,156.09,972.000237520662,1
h0,195.73,973.000241652885,1
h0,237.109,974.000245790912,1
h0,277.98,975.000236927242,1
h0,317.089,976.000241057694,1
h0,354.477,977.000245182409,1
