h0,393.561,971.000247312779,1
h0,369.317,972.00023823191,1
h0,345.083,973.000242151074,1
h0,320.847,974.00024607023,1
h0,296.68,975.000236989617,1
h0,272.445,976.000240908778,1
h0,248.193,977.000244827884,1
h0,223.933,978.000235746959,1
h0,199.799,979.000239666459,1
h0,176.25,980.000243587908,1
h0,153.16,981.000234510886,1
h0,130.161,982.000238434171,1
h0,107.421,983.000242358317,1
h0,85.1494,984.000246284028,1
h0,63.3349,985.000237211262,1
h0,42.0122,986.000241140137,1
h0,21.4273,987.000245071474,1
h0,6.40207,988.000236021355,1
h0,21.3785,989.000240071311,1
h0,40.7414,990.000244135899,1
h0,60.086,991.000235200425,1
h0,79.6534,992.000239265695,1
h0,99.5462,993.00024333205,1
h0,119.528,994.000234398701,1
h0,139.795,995.000238466306,1
h0,160.167,996.000242534261,1
h0,180.598,997.000246602409,1
h0,201.131,998.000237670902,1
h0,221.76,999.000241739712,1
h0,242.267,1000.000245808117,1
h0,262.92,1001.000236877007,1
h0,283.597,1002.000240945978,1
h0,304.372,1003.000245015275,1
h0,325.132,1004.000236084524,1
h0,345.903,1005.000240153808,1
h0,366.743,1006.000244223322,1
