h0,392.168,980.000243308133,1
h0,361.906,981.000247207187,1
h0,331.972,982.000238107341,1
h0,302.272,983.00024200827,1
h0,271.77,984.000245906528,1
h0,240.015,985.000236800605,1
h0,208.398,986.00024069514,1
h0,177.425,987.000244591825,1
h0,146.956,988.000235490192,1
h0,116.968,989.000239390163,1
h0,87.3494,990.000243291366,1
h0,57.7467,991.000234192622,1
h0,27.4806,992.000238091665,1
h0,7.68058,993.00024202562,1
h0,35.4281,994.000246118175,1
h0,65.4168,995.000237218207,1
h0,95.2922,996.00024131786,1
h0,124.819,997.000245416352,1
h0,154.149,998.000236514187,1
h0,183.308,999.000240611451,1
h0,212.373,1000.0002447084,1
h0,241.484,1001.000235805503,1
h0,270.601,1002.000239902627,1
h0,299.781,1003.000243999961,1
h0,328.927,1004.000235097183,1
h0,358.111,1005.00023919453,1
