h0,393.284,961.000241311853,1
h0,363.978,962.0002452141,1
h0,335.3,963.00023611844,1
h0,307.362,964.000240025249,1
h0,280.26,965.000243934845,1
h0,253.814,966.000234846632,1
h0,227.996,967.000238760511,1
h0,202.761,968.000242676337,1
h0,177.999,969.00024659374,1
h0,153.674,970.000237512603,1
h0,129.797,971.000241432956,1
h0,106.291,972.000245354549,1
h0,83.0998,973.000236277191,1
h0,60.2983,974.000240201133,1
h0,37.8435,975.000244126232,1
h0,16.2121,976.000235054078,1
h0,9.70664,977.000239032378,1
h0,29.9947,978.000243100052,1
h0,51.5595,979.000234171984,1
h0,73.1365,980.000238243957,1
h0,94.5937,981.000242315531,1
h0,115.926,982.000246386688,1
h0,137.18,983.000237457583,1
h0,158.333,984.000241528141,1
h0,179.381,985.000245598351,1
h0,200.298,986.000236668123,1
h0,221.203,987.000240737854,1
h0,242.07,988.00024480746,1
h0,263.059,989.000235877471,1
h0,284.12,990.000239947721,1
h0,305.214,991.000244018085,1
h0,326.374,992.000235088667,1
h0,347.649,993.000239159633,1
h0,368.991,994.00024323082,1
