h0,395.678,963.00024031984,1
h0,372.232,964.000244241631,1
h0,348.848,965.000235163632,1
h0,325.517,966.000239085809,1
h0,302.255,967.000243008214,1
h0,279.027,968.000246930733,1
h0,255.716,969.000237852977,1
h0,232.452,970.000241775375,1
h0,209.129,971.000245697579,1
h0,185.88,972.000236620028,1
h0,162.676,973.000240542628,1
h0,140.442,974.000244468465,1
h0,119.182,975.000235397548,1
h0,98.9388,976.000239330024,1
h0,79.3512,977.000243264687,1
h0,60.4667,978.000234201695,1
h0,42.2439,979.000238140911,1
h0,24.903,980.000242083067,1
h0,10.9009,981.000246036361,1
h0,15.6924,982.000237052344,1
h0,31.273,983.000241104315,1
h0,47.9197,984.000245159843,1
h0,64.699,985.000236215813,1
h0,81.5034,986.000240271866,1
h0,98.2851,987.000244327844,1
h0,115.005,988.000235383614,1
h0,131.673,989.000239439215,1
h0,148.291,990.000243494645,1
h0,164.876,991.000234549968,1
h0,181.336,992.000238604871,1
h0,197.884,993.000242660069,1
h0,214.428,994.000246715254,1
h0,230.925,995.000237770284,1
h0,247.406,996.000241825257,1
h0,263.869,997.000245880171,1
h0,280.343,998.000236935122,1
h0,296.787,999.000240989975,1
h0,313.251,1000.000245044894,1
h0,329.689,1001.000236099723,1
h0,347.469,1002.00024015903,1
h0,366.536,1003.000244222632,1
