h0,399.17,969.000239331487,1
h0,373.224,970.000243244943,1
h0,347.415,971.000247158852,1
h0,321.676,972.000238072994,1
h0,296.064,973.000241987562,1
h0,270.552,974.000245902463,1
h0,245.155,975.000236817749,1
h0,219.861,976.000240733378,1
h0,194.618,977.000244649175,1
h0,169.462,978.000235565265,1
h0,143.5,979.000239478664,1
h0,115.616,980.000243385653,1
h0,85.9491,981.000234286695,1
h0,55.3708,982.000238184697,1
h0,26.1972,983.000242087385,1
h0,3.81314,984.000246012719,1
h0,29.2629,985.000237097611,1
h0,55.3245,986.000241184543,1
h0,80.7107,987.000245269222,1
h0,105.493,988.000236351886,1
h0,129.813,989.00024043301,1
h0,153.742,990.000244512829,1
h0,177.392,991.000235591715,1
h0,200.793,992.000239669775,1
h0,224.02,993.000243747249,1
h0,247.332,994.000234825012,1
h0,271.344,995.000238905107,1
h0,296.553,996.000242989196,1
h0,322.528,997.000247075836,1
h0,348.966,998.000238164024,1
h0,375.773,999.000242253444,1
