h0,398.252,964.000245328426,1
h0,363.472,965.000236212413,1
h0,329.91,966.000240100463,1
h0,297.536,967.000243992475,1
h0,266.226,968.000234888034,1
h0,235.828,969.000238786637,1
h0,206.256,970.000242687995,1
h0,177.32,971.000246591475,1
h0,149.014,972.000237497056,1
h0,121.2,973.00024140428,1
h0,93.7893,974.000245312848,1
h0,66.7664,975.000236222709,1
h0,40.1601,976.00024013396,1
h0,14.5007,977.000244048369,1
h0,14.9046,978.000235049716,1
h0,40.239,979.000239134223,1
h0,66.2278,980.000243220912,1
h0,92.175,981.000234307463,1
h0,118.088,982.000238393898,1
h0,143.963,983.000242480207,1
h0,169.805,984.000246566407,1
h0,195.639,985.000237652582,1
h0,221.423,986.000241738588,1
h0,247.125,987.000245824319,1
h0,272.627,988.000236909387,1
h0,298.259,989.000240994885,1
h0,323.945,990.000245080565,1
h0,349.612,991.00023616618,1
h0,375.187,992.000240251488,1
