h0,405.436,967.000244352389,1
h0,374.971,968.000235250769,1
h0,344.487,969.000239149085,1
h0,314.147,970.000243047883,1
h0,283.701,971.000246946323,1
h0,253.261,972.000237844788,1
h0,222.835,973.000241743298,1
h0,192.436,974.000245641897,1
h0,162.065,975.00023654059,1
h0,131.8,976.000240439639,1
h0,101.623,977.000244338979,1
h0,71.5196,978.000235238564,1
h0,41.5933,979.00023913874,1
h0,12.8252,980.00024304278,1
h0,19.9622,981.000234066587,1
h0,49.2454,982.000238164265,1
h0,78.6737,983.000242262427,1
h0,107.851,984.000246359753,1
h0,136.929,985.000237456745,1
h0,165.798,986.000241553044,1
h0,194.507,987.000245648804,1
h0,223.049,988.000236744013,1
h0,251.208,989.00024083794,1
h0,278.633,990.000244929418,1
h0,305.352,991.000236018545,1
h0,331.371,992.000240105335,1
h0,356.746,993.000244189978,1
