h0,399.989,978.000236334221,1
h0,366.737,979.000240223305,1
h0,334.254,980.000244114953,1
h0,301.753,981.00023500654,1
h0,267.83,982.000238893383,1
h0,232.566,983.000242775757,1
h0,195.963,984.000246653663,1
h0,157.828,985.000237526457,1
h0,118.193,986.000241394249,1
h0,76.91,987.000245256544,1
h0,34.1762,988.000236113999,1
h0,10.6081,989.000240035385,1
h0,52.811,990.000244176158,1
h0,93.3337,991.000235311328,1
h0,131.96,992.000239440171,1
h0,168.847,993.000243563212,1
h0,205.105,994.000234684157,1
h0,241.627,995.000238805982,1
h0,278.788,996.000242929937,1
h0,316.728,997.00024705649,1
h0,355.76,998.000238186687,1
