h0,49.0158,901.000291163499,1
h0,57.7961,902.000243192787,1
h0,64.0914,903.000234213786,1
h0,68.0706,904.000238227059,1
h0,69.9462,905.000242233316,1
h0,70.5958,906.000246235482,1
h0,72.0241,907.000237240247,1
h0,73.8864,908.000241246458,1
h0,75.126,909.000245250593,1
h0,76.6523,910.000236255684,1
h0,78.3724,911.000240261422,1
h0,79.9328,912.000244266627,1
h0,81.3694,913.000235271419,1
h0,82.8395,914.000239276323,1
h0,84.4687,915.000243281757,1
h0,85.8856,916.000234286483,1
h0,84.0374,917.000238280319,1
h0,80.2301,918.000242267619,1
h0,76.4059,919.000246254863,1
h0,72.6555,920.000237242353,1
h0,69.09,921.00024123046,1
h0,65.6858,922.000245219104,1
h0,62.5309,923.000236208581,1
h0,59.642,924.000240198944,1
h0,57.0614,925.000244190336,1
h0,54.7815,926.000235182731,1
h0,52.7376,927.000239175914,1
h0,50.9659,928.000243170004,1
h0,49.4487,929.000234164943,1
h0,48.0495,930.000238160276,1
h0,46.9991,931.000242156772,1
h0,46.077,932.000246153696,1
h0,45.3998,933.000237151438,1
h0,44.7917,934.000241149409,1
h0,44.2797,935.000245147701,1
h0,43.8447,936.00023614625,1
h0,43.4801,937.000240145034,1
h0,43.2072,938.000244144124,1
h0,42.9659,939.000235143319,1
h0,42.7711,940.000239142669,1
h0,42.6314,941.000243142203,1
h0,42.4972,942.000234141756,1
h0,42.4042,943.000238141445,1
h0,42.2991,944.000242141095,1
h0,42.2448,945.000246140913,1
h0,42.5053,946.000237141782,1
h0,42.9672,947.000241143323,1
h0,43.0735,948.000245143678,1
h0,42.2944,949.000236141079,1
h0,40.5224,950.000240135168,1
h0,37.8739,951.000244126334,1
h0,34.5257,952.000235115165,1
h0,30.6235,953.000239102149,1
h0,26.3998,954.00024308806,1
h0,21.9223,955.000234073125,1
h0,17.2723,956.000238057614,1
h0,12.5497,957.000242041861,1
h0,7.90149,958.000246026357,1
h0,3.93749,959.000237013134,1
h0,4.18523,960.00024101396,1
h0,8.32275,961.000245027762,1
h0,13.8488,962.000236046195,1
h0,21.2704,963.000240070951,1
h0,30.3883,964.000244101365,1
h0,41.2417,965.000235137567,1
h0,54.139,966.000239180588,1
h0,68.35,967.000243227991,1
h0,82.7347,968.000234275973,1
h0,95.8657,969.000238319773,1
h0,107.086,970.000242357199,1
h0,115.445,971.000246385083,1
h0,120.069,972.000237400506,1
h0,121.266,973.000241404501,1
h0,119.086,974.000245397227,1
h0,113.665,975.000236379145,1
h0,107.711,976.000240359284,1
h0,101.99,977.000244340201,1
h0,97.4491,978.000235325055,1
h0,94.4542,979.000239315065,1
h0,91.4803,980.000243305145,1
h0,88.4593,981.000234295069,1
h0,85.4899,982.000238285164,1
h0,82.5951,983.000242275508,1
h0,79.8786,984.000246266446,1
h0,77.2935,985.000237257823,1
h0,74.9041,986.000241249853,1
h0,72.7372,987.000245242625,1
h0,70.7802,988.000236236097,1
h0,69.0053,989.000240230177,1
h0,67.4288,990.000244224918,1
h0,66.037,991.000235220276,1
h0,64.8289,992.000239216246,1
h0,63.7859,993.000243212767,1
h0,62.9192,994.000234209876,1
h0,62.1649,995.00023820736,1
h0,60.6257,996.000242202226,1
h0,56.9379,997.000246189924,1
h0,53.0113,998.000237176827,1
h0,49.8798,999.000241166381,1
h0,47.3898,1000.000245158076,1
h0,45.5253,1001.000236151856,1
h0,43.9988,1002.000240146764,1
h0,43.5567,1003.000244145289,1
h0,44.0728,1004.000235147011,1
h0,44.2964,1005.000239147757,1
h0,44.1861,1006.000243147389,1
h0,43.8935,1007.000234146413,1
h0,43.5206,1008.000238145169,1
h0,43.0992,1009.000242143763,1
h0,42.6145,1010.000246142147,1
h0,42.1399,1011.000237140564,1
h0,41.6735,1012.000241139008,1
h0,41.2487,1013.000245137591,1
h0,40.9076,1014.000236136453,1
h0,40.5545,1015.000240135275,1
h0,40.2888,1016.000244134389,1
h0,40.0382,1017.000235133553,1
h0,39.8246,1018.000239132841,1
h0,39.6796,1019.000243132357,1
h0,39.5458,1020.000234131911,1
h0,39.4591,1021.000238131621,1
h0,39.4059,1022.000242131444,1
h0,39.3212,1023.000246131162,1
h0,39.2669,1024.00023713098,1
h0,39.1875,1025.000241130715,1
h0,39.1515,1026.000245130595,1
h0,39.1067,1027.000236130446,1
h0,39.106,1028.000240130444,1
h0,39.06,1029.00024413029,1
h0,39.0619,1030.000235130297,1
h0,39.0565,1031.000239130278,1
h0,39.0546,1032.000243130272,1
h0,39.1895,1033.000234130722,1
h0,40.0826,1034.000238133701,1
h0,41.542,1035.000242138569,1
