h0,397.301,972.000246325255,1
h0,369.504,973.000237232532,1
h0,342.076,974.000241141041,1
h0,314.924,975.000245050474,1
h0,288.102,976.000235961005,1
h0,261.48,977.000239872204,1
h0,235.139,978.000243784339,1
h0,208.966,979.000234697036,1
h0,182.828,980.00023860985,1
h0,156.205,981.000242521045,1
h0,129.655,982.000246432483,1
h0,103.343,983.000237344716,1
h0,76.711,984.00024125588,1
h0,49.9924,985.000245166757,1
h0,23.8372,986.000236079512,1
h0,7.16848,987.000240023911,1
h0,29.7056,988.000244099087,1
h0,54.7135,989.000235182505,1
h0,79.3773,990.000239264774,1
h0,104.065,991.000243347122,1
h0,128.625,992.000234429048,1
h0,152.848,993.000238509847,1
h0,176.707,994.00024258943,1
h0,200.262,995.000246668001,1
h0,223.354,996.00023774503,1
h0,246.011,997.000241820604,1
h0,268.192,998.000245894593,1
h0,289.941,999.000236967139,1
h0,311.932,1000.000241040494,1
h0,335.093,1001.00024511775,1
h0,358.213,1002.000236194869,1
