h0,390.349,960.000242302063,1
h0,359.624,961.000246199576,1
h0,328.884,962.00023709704,1
h0,298.203,963.000240994698,1
h0,267.583,964.000244892562,1
h0,236.679,965.000235789477,1
h0,204.025,966.000239680556,1
h0,169.425,967.000243565141,1
h0,132.982,968.00023444358,1
h0,94.6219,969.000238315625,1
h0,54.393,970.000242181436,1
h0,12.5075,971.00024604172,1
h0,32.1492,972.000237107238,1
h0,76.5526,973.000241255352,1
h0,121.067,974.000245403835,1
h0,165.572,975.000236552288,1
h0,210.052,976.000240700659,1
h0,254.504,977.000244848934,1
h0,298.968,978.000235997249,1
h0,343.427,979.000240145549,1
