h0,395.373,949.000237318822,1
h0,354.932,950.000241183925,1
h0,314.33,951.000245048493,1
h0,273.677,952.000235912887,1
h0,232.906,953.000239776889,1
h0,192.069,954.000243640674,1
h0,151.224,955.000234504428,1
h0,111.584,956.000238372206,1
h0,73.7638,957.00024224605,1
h0,37.6523,958.000246125594,1
h0,4.22475,959.000237014092,1
h0,30.8163,960.000241102792,1
h0,62.9353,961.00024520993,1
h0,94.436,962.000236315005,1
h0,126.96,963.000240423492,1
h0,160.901,964.000244536708,1
h0,196.247,965.000235654608,1
h0,233.158,966.000239777731,1
h0,270.745,967.000243903108,1
h0,307.059,968.000235024239,1
h0,342.218,969.000239141518,1
h0,376.38,970.000243255468,1
