h0,401.312,973.000242338633,1
h0,372.345,974.000246242011,1
h0,343.451,975.000237145628,1
h0,313.92,976.000241047124,1
h0,282.917,977.000244943711,1
h0,250.344,978.000235835057,1
h0,217.016,979.000239723887,1
h0,185.498,980.000243618756,1
h0,155.689,981.000234519322,1
h0,127.244,982.000238424441,1
h0,99.9726,983.000242333473,1
h0,72.4022,984.000246241508,1
h0,42.9916,985.000237143405,1
h0,11.9442,986.000241039841,1
h0,22.0552,987.000245073568,1
h0,56.0575,988.000236186988,1
h0,90.0285,989.000240300303,1
h0,123.942,990.000244413427,1
h0,157.812,991.000235526404,1
h0,191.599,992.000239639107,1
h0,225.318,993.000243751579,1
h0,259.233,994.000234864709,1
h0,294.415,995.000238982061,1
h0,330.695,996.000243103081,1
h0,366.821,997.000247223584,1
