h0,378.074,964.000245261118,1
h0,338.78,965.000236130049,1
h0,299.985,966.000240000644,1
h0,261.754,967.000243873117,1
h0,223.918,968.000234746911,1
h0,186.512,969.000238622137,1
h0,149.47,970.000242498577,1
h0,112.742,971.000246376066,1
h0,76.3663,972.00023725473,1
h0,40.2515,973.000241134265,1
h0,5.28409,974.000245017626,1
h0,31.5929,975.000236105383,1
h0,66.9943,976.000240223469,1
h0,102.238,977.000244341029,1
h0,137.511,978.000235458688,1
h0,172.854,979.000239576579,1
h0,208.239,980.00024369461,1
h0,243.68,981.000234812831,1
h0,279.201,982.000238931314,1
h0,314.772,983.000243049968,1
h0,350.47,984.000247169041,1
