h0,8.91166,903.000234029726,1
h0,14.0145,904.000238046747,1
h0,19.0155,905.000242063429,1
h0,23.9195,906.000246079787,1
h0,28.7458,907.000237095886,1
h0,33.5626,908.000241111953,1
h0,38.3347,909.000245127871,1
h0,41.5746,910.000236138678,1
h0,42.5324,911.000240141873,1
h0,41.5766,912.000244138685,1
h0,38.6319,913.000235128862,1
h0,34.2645,914.000239114294,1
h0,29.0754,915.000243096985,1
h0,23.1832,916.000234077331,1
h0,16.7325,917.000238055814,1
h0,9.90898,918.000242033053,1
h0,3.76549,919.00024601256,1
h0,6.53422,920.000237021796,1
h0,13.9729,921.000241046608,1
h0,22.1473,922.000245073875,1
h0,30.8241,923.000236102818,1
h0,39.8568,924.000240132948,1
h0,48.7878,925.000244162739,1
h0,55.8775,926.000235186387,1
h0,60.9265,927.000239203229,1
h0,63.8733,928.000243213058,1
h0,64.7216,929.000234215888,1
h0,63.2183,930.000238210873,1
h0,60.7133,931.000242202518,1
h0,58.5852,932.000246195419,1
h0,56.8012,933.000237189468,1
h0,55.2545,934.000241184309,1
h0,53.8815,935.000245179729,1
h0,52.8024,936.00023617613,1
h0,51.8488,937.000240172949,1
h0,51.2285,938.00024417088,1
h0,50.6235,939.000235168862,1
h0,48.8057,940.000239162798,1
h0,45.0144,941.000243150152,1
h0,41.1213,942.000234137166,1
h0,37.871,943.000238126324,1
h0,35.2379,944.000242117541,1
h0,33.0691,945.000246110307,1
h0,31.2864,946.00023710436,1
h0,29.8354,947.00024109952,1
h0,28.6552,948.000245095583,1
h0,27.733,949.000236092507,1
h0,26.9284,950.000240089823,1
h0,26.3026,951.000244087736,1
h0,25.8236,952.000235086138,1
h0,25.4424,953.000239084867,1
h0,25.1354,954.000243083843,1
h0,24.8586,955.000234082919,1
h0,24.6418,956.000238082196,1
h0,24.4766,957.000242081645,1
h0,24.3266,958.000246081145,1
h0,24.2311,959.000237080826,1
h0,24.1498,960.000241080555,1
h0,24.0674,961.00024508028,1
h0,24.0077,962.000236080081,1
h0,23.9621,963.000240079929,1
h0,23.9208,964.000244079791,1
h0,23.8747,965.000235079637,1
h0,23.8594,966.000239079587,1
h0,23.8397,967.000243079521,1
h0,23.8454,968.00023407954,1
h0,23.8157,969.00023807944,1
h0,23.7889,970.000242079351,1
h0,23.7888,971.000246079351,1
h0,23.806,972.000237079408,1
h0,23.8085,973.000241079416,1
h0,23.811,974.000245079425,1
h0,23.7987,975.000236079384,1
h0,23.8044,976.000240079403,1
h0,23.7878,977.000244079347,1
h0,23.7822,978.000235079329,1
h0,23.7824,979.00023907933,1
h0,23.775,980.000243079305,1
h0,23.7727,981.000234079297,1
h0,23.7771,982.000238079312,1
h0,23.7762,983.000242079309,1
h0,23.7706,984.00024607929,1
h0,23.7604,985.000237079256,1
h0,23.7724,986.000241079296,1
h0,23.7804,987.000245079323,1
h0,23.7791,988.000236079319,1
h0,23.7858,989.000240079341,1
h0,23.7791,990.000244079318,1
h0,23.7666,991.000235079277,1
h0,23.7932,992.000239079365,1
h0,23.7988,993.000243079384,1
h0,23.789,994.000234079351,1
h0,23.7928,995.000238079364,1
h0,23.8003,996.000242079389,1
h0,23.7826,997.00024607933,1
h0,23.6996,998.000237079053,1
h0,23.6829,999.000241078998,1
h0,21.7513,1000.000245072555,1
h0,18.3121,1001.000236061083,1
h0,14.046,1002.000240046852,1
h0,9.25831,1003.000244030882,1
h0,4.47449,1004.000235014925,1
h0,4.32826,1005.000239014438,1
h0,10.3627,1006.000243034566,1
h0,17.8783,1007.000234059636,1
h0,25.7293,1008.000238085824,1
h0,33.7778,1009.000242112671,1
h0,41.9599,1010.000246139963,1
h0,50.2051,1011.000237167466,1
h0,57.9152,1012.000241193184,1
h0,64.3876,1013.000245214774,1
h0,69.6805,1014.000236232429,1
h0,73.9354,1015.000240246622,1
h0,77.314,1016.000244257892,1
h0,79.9312,1017.000235266622,1
h0,81.8529,1018.000239273032,1
h0,83.3205,1019.000243277927,1
h0,84.2709,1020.000234281097,1
h0,84.8553,1021.000238283047,1
h0,85.2493,1022.000242284361,1
h0,85.5852,1023.000246285482,1
h0,86.0909,1024.000237287168,1
h0,87.1558,1025.00024129072,1
h0,89.1242,1026.000245297286,1
h0,92.1717,1027.000236307452,1
h0,96.5573,1028.00024032208,1
h0,102.571,1029.00024434214,1
h0,109.936,1030.000235366708,1
h0,117.513,1031.000239391982,1
h0,126.247,1032.000243421115,1
