h0,396.195,955.000235321564,1
h0,361.266,956.000239205053,1
h0,323.085,957.000243077695,1
h0,281.56,958.000246939183,1
h0,236.379,959.000237788474,1
h0,189.065,960.000241630653,1
h0,141.318,961.000245471386,1
h0,93.3751,962.000236311466,1
h0,45.1899,963.000240150737,1
h0,4.63968,964.000244015476,1
h0,52.0953,965.000235173771,1
h0,100.803,966.000239336243,1
h0,149.69,967.000243499312,1
h0,198.699,968.000234662788,1
h0,247.799,969.000238826568,1
h0,296.992,970.00024299066,1
h0,346.201,971.000247154803,1
