h0,404.857,947.000242350458,1
h0,376.011,948.000246254239,1
h0,347.374,949.000237158714,1
h0,317.067,950.000241057623,1
h0,285.157,951.000244951182,1
h0,252.963,952.000235843793,1
h0,220.553,953.000239735685,1
h0,188.021,954.00024362717,1
h0,155.416,955.000234518414,1
h0,122.71,956.000238409315,1
h0,89.9628,957.000242300084,1
h0,57.1405,958.0002461906,1
h0,24.3783,959.000237081317,1
h0,9.33219,960.000241031129,1
h0,41.8701,961.000245139663,1
h0,74.7653,962.00023624939,1
h0,107.704,963.000240359263,1
h0,140.654,964.000244469171,1
h0,173.61,965.000235579099,1
h0,206.585,966.000239689093,1
h0,239.785,967.000243799835,1
h0,274.414,968.000234915348,1
h0,310.845,969.000239036868,1
h0,348.496,970.000243162459,1
