h0,398.766,976.000241330141,1
h0,366.226,977.000245221598,1
h0,334.02,978.000236114172,1
h0,302.145,979.000240007847,1
h0,270.6,980.000243902626,1
h0,239.277,981.000234798142,1
h0,207.681,982.00023869275,1
h0,175.386,983.000242585024,1
h0,142.161,984.000246474198,1
h0,107.885,985.000237359865,1
h0,71.9754,986.000241240084,1
h0,34.0954,987.00024511373,1
h0,5.64825,988.000236018841,1
h0,43.1665,989.000240143988,1
h0,81.3308,990.00024427129,1
h0,119.382,991.000235398216,1
h0,157.253,992.00023952454,1
h0,195.004,993.000243650464,1
h0,232.559,994.000234775733,1
h0,270.037,995.000238900747,1
h0,307.372,996.000243025281,1
h0,344.644,997.000247149609,1
