h0,401.484,973.000242339206,1
h0,381.057,974.000246271068,1
h0,360.831,975.000237203602,1
h0,340.755,976.000241136638,1
h0,320.887,977.000245070363,1
h0,301.195,978.000236004677,1
h0,281.748,979.00023993981,1
h0,262.491,980.000243875577,1
h0,243.469,981.000234812124,1
h0,224.644,982.000238749333,1
h0,206.052,983.000242687316,1
h0,187.637,984.00024662589,1
h0,169.389,985.00023756502,1
h0,151.344,986.000241504828,1
h0,133.488,987.000245445269,1
h0,115.756,988.000236386119,1
h0,98.1651,989.000240327444,1
h0,80.6586,990.000244269048,1
h0,63.3317,991.000235211252,1
h0,46.0874,992.000239153731,1
h0,29.0954,993.000243097052,1
h0,12.9108,994.000234043066,1
h0,8.71664,995.000238029076,1
h0,23.8786,996.00024207965,1
h0,40.5289,997.00024613519,1
h0,57.3811,998.000237191403,1
h0,74.2735,999.00024124775,1
h0,91.1665,1000.000245304099,1
h0,108.045,1001.000236360401,1
h0,124.898,1002.000240416614,1
h0,141.747,1003.000244472817,1
h0,158.616,1004.000235529087,1
h0,175.461,1005.000239585275,1
h0,192.324,1006.000243641523,1
h0,209.36,1007.000234698351,1
h0,226.604,1008.00023875587,1
h0,244.265,1009.00024281478,1
h0,262.41,1010.000246875307,1
h0,280.967,1011.000237937204,1
h0,299.876,1012.000242000278,1
h0,319.238,1013.000246064864,1
h0,339.283,1014.000237131725,1
h0,360.203,1015.000241201508,1
