h0,235.639,916.000234786007,1
h0,255.925,917.000238853674,1
h0,273.881,918.00024291357,1
h0,289.371,919.000246965239,1
h0,301.597,920.00023800602,1
h0,309.758,921.000242033243,1
h0,315.983,922.000246054005,1
h0,319.774,923.000237066652,1
h0,320.951,924.000241070576,1
h0,319.274,925.000245064984,1
h0,315.964,926.000236053941,1
h0,312.729,927.000240043152,1
h0,309.6,928.000244032714,1
h0,306.485,929.000235022325,1
h0,303.127,930.000239011124,1
h0,299.642,931.000242999499,1
h0,295.91,932.000246987049,1
h0,292.13,933.00023797444,1
h0,288.236,934.000241961452,1
h0,284.337,935.000245948448,1
h0,280.334,936.000236935093,1
h0,276.311,937.000240921675,1
h0,272.739,938.000244909759,1
h0,269.684,939.000235899571,1
h0,267.088,940.000239890908,1
h0,264.844,941.000243883423,1
h0,262.9,942.000234876941,1
h0,261.225,943.000238871352,1
h0,259.725,944.000242866351,1
h0,258.349,945.000246861758,1
h0,257.131,946.000237857697,1
h0,255.976,947.000241853844,1
h0,254.933,948.000245850364,1
h0,253.89,949.000236846886,1
h0,252.941,950.00024084372,1
h0,252.821,951.00024484332,1
h0,254.611,952.000235849291,1
h0,258.201,953.000239861267,1
h0,262.615,954.000243875989,1
h0,267.358,955.00023489181,1
h0,272.238,956.000238908088,1
h0,277.303,957.000242924984,1
h0,282.462,958.000246942193,1
h0,287.704,959.000237959676,1
h0,292.981,960.00024197728,1
h0,298.324,961.000245995103,1
h0,303.635,962.000237012816,1
h0,308.922,963.000241030454,1
h0,314.14,964.000245047857,1
h0,319.205,965.000236064752,1
h0,324.037,966.000240080872,1
h0,328.651,967.000244096263,1
h0,332.966,968.000235110655,1
h0,337.007,969.000239124135,1
h0,341.083,970.00024313773,1
h0,345.88,971.00024715373,1
h0,350.719,972.000238169872,1
h0,355.255,973.000242185003,1
h0,359.456,974.000246199017,1
h0,363.328,975.000237211932,1
h0,366.925,976.000241223931,1
h0,370.159,977.000245234716,1
h0,373.545,978.000236246013,1
h0,376.923,979.00024025728,1
h0,380.26,980.000244268411,1
h0,383.621,981.000235279622,1
h0,386.989,982.000239290855,1
h0,390.489,983.000243302532,1
h0,393.597,984.000247312898,1
h0,395.415,985.000238318963,1
h0,395.916,986.000242320634,1
h0,395.227,987.000246318335,1
h0,393.618,988.000237312969,1
h0,391.251,989.000241305072,1
h0,388.24,990.000245295028,1
h0,384.757,991.00023628341,1
h0,380.91,992.00024027058,1
h0,376.778,993.000244256796,1
h0,372.391,994.000235242163,1
h0,367.862,995.000239227057,1
h0,363.202,996.000243211511,1
h0,358.434,997.000247195607,1
h0,353.568,998.000238179377,1
h0,348.7,999.000242163139,1
h0,343.777,1000.000246146718,1
h0,338.84,1001.000237130249,1
h0,333.899,1002.000241113766,1
h0,328.806,1003.000245096779,1
h0,323.502,1004.000236079086,1
h0,316.976,1005.000240057318,1
h0,310.025,1006.000244034131,1
h0,302.753,1007.000235009876,1
h0,295.206,1008.000238984702,1
h0,287.446,1009.000242958817,1
h0,279.594,1010.000246932624,1
h0,271.596,1011.000237905946,1
h0,263.506,1012.00024187896,1
h0,255.327,1013.000245851678,1
h0,247.161,1014.00023682444,1
h0,238.908,1015.000240796912,1
h0,230.589,1016.000244769162,1
h0,221.088,1017.000235737471,1
h0,209.86,1018.000239700016,1
h0,196.738,1019.000243656249,1
h0,182.555,1020.000234608938,1
h0,168.294,1021.000238561367,1
h0,154.032,1022.000242513796,1
h0,139.546,1023.000246465475,1
h0,125.036,1024.000237417074,1
h0,110.931,1025.000241370025,1
h0,98.2919,1026.000245327866,1
h0,88.4926,1027.000236295179,1
h0,81.4383,1028.000240271649,1
h0,74.8295,1029.000244249604,1
h0,68.3083,1030.000235227852,1
h0,61.9537,1031.000239206655,1
h0,55.8182,1032.000243186189,1
h0,50.6365,1033.000234168905,1
h0,46.6694,1034.000238155672,1
h0,42.9518,1035.000242143272,1
h0,39.345,1036.000246131241,1
h0,35.9786,1037.000237120012,1
h0,33.2537,1038.000241110923,1
h0,31.0692,1039.000245103636,1
h0,30.3483,1040.000236101231,1
h0,30.8917,1041.000240103043,1
h0,30.925,1042.000244103155,1
h0,30.3699,1043.000235101303,1
h0,29.2723,1044.000239097642,1
h0,27.648,1045.000243092224,1
h0,25.6148,1046.000234085442,1
h0,23.5665,1047.000238078609,1
h0,21.8506,1048.000242072886,1
h0,20.9785,1049.000246069977,1
h0,21.2841,1050.000237070996,1
h0,23.0983,1051.000241077048,1
h0,26.6868,1052.000245089018,1
h0,31.0231,1053.000236103482,1
