h0,378.539,945.000247262669,1
h0,327.486,946.000238092375,1
h0,276.512,947.000241922343,1
h0,225.828,948.000245753282,1
h0,175.897,949.00023658673,1
h0,126.703,950.000240422636,1
h0,78.1621,951.000244260721,1
h0,30.2372,952.00023510086,1
h0,17.217,953.00023905743,1
h0,61.7702,954.000243206043,1
h0,104.296,955.000234347893,1
h0,144.751,956.000238482837,1
h0,183.327,957.000242611515,1
h0,220.204,958.000246734521,1
h0,255.541,959.000237852392,1
h0,289.541,960.000241965806,1
h0,322.553,961.000246075921,1
h0,355.237,962.000237184944,1
