h0,403.199,949.000237344927,1
h0,362.359,950.000241208699,1
h0,321.47,951.00024507231,1
h0,279.955,952.00023593383,1
h0,237.244,953.000239791361,1
h0,194.153,954.000243647626,1
h0,151.382,955.000234504957,1
h0,109.668,956.000238365813,1
h0,69.4071,957.000242231517,1
h0,30.5527,958.000246101913,1
h0,8.03166,959.000237026791,1
h0,44.2155,960.000241147487,1
h0,79.9485,961.000245266679,1
h0,114.923,962.000236383341,1
h0,149.13,963.000240497443,1
h0,182.76,964.000244609621,1
h0,216.432,965.00023572194,1
h0,252.124,966.000239840994,1
h0,290.11,967.000243967703,1
h0,329.549,968.000235099256,1
h0,369.229,969.000239231614,1
