h0,395.893,966.000240320556,1
h0,361.202,967.00024420484,1
h0,326.513,968.000235089129,1
h0,291.82,969.000238973405,1
h0,257.111,970.000242857631,1
h0,222.417,971.000246741904,1
h0,187.728,972.000237626192,1
h0,153.002,973.000241510361,1
h0,118.292,974.000245394581,1
h0,83.6214,975.000236278931,1
h0,48.9825,976.000240163388,1
h0,14.5106,977.000244048402,1
h0,20.789,978.000235069344,1
h0,55.3338,979.000239184574,1
h0,90.0102,980.000243300242,1
h0,124.697,981.000234415943,1
h0,159.351,982.000238531539,1
h0,194.05,983.000242647283,1
h0,228.71,984.000246762896,1
h0,263.308,985.000237878302,1
h0,297.994,986.000241994002,1
h0,332.693,987.000246109745,1
h0,367.428,988.000237225607,1
