h0,409.03,948.000246364376,1
h0,368.866,949.000237230405,1
h0,328.937,950.000241097217,1
h0,289.201,951.000244964669,1
h0,249.575,952.000235832493,1
h0,209.527,953.000239698908,1
h0,168.497,954.000243562045,1
h0,127.066,955.000234423846,1
h0,85.884,956.000238286478,1
h0,44.6784,957.000242149031,1
h0,3.76376,958.000246012555,1
h0,41.1715,959.000237137333,1
h0,84.1945,960.000241280843,1
h0,127.188,961.000245424255,1
h0,169.811,962.00023656643,1
h0,211.976,963.000240707076,1
h0,253.69,964.000244846218,1
h0,294.983,965.000235983958,1
h0,335.978,966.000240120703,1
h0,376.677,967.000244256459,1
