h0,386.148,937.000241288052,1
h0,354.465,938.000245182367,1
h0,324.072,939.000236080988,1
h0,294.773,940.000239983256,1
h0,266.2,941.000243887947,1
h0,237.451,942.000234792051,1
h0,207.395,943.000238691796,1
h0,175.524,944.000242585485,1
h0,142.244,945.000246474474,1
h0,107.854,946.000237359762,1
h0,72.0748,947.000241240416,1
h0,35.3261,948.000245117835,1
h0,3.92985,949.000236013109,1
h0,40.4577,950.000240134952,1
h0,78.9504,951.00024426335,1
h0,118.916,952.000235396659,1
h0,159.724,953.000239532782,1
h0,200.828,954.00024366989,1
h0,242.213,955.000234807937,1
h0,283.815,956.000238946704,1
h0,325.607,957.000243086106,1
h0,367.56,958.000247226049,1
