h0,405.079,945.000247351199,1
h0,367.113,946.000238224556,1
h0,329.146,947.000242097911,1
h0,291.201,948.000245971344,1
h0,253.128,949.000236844344,1
h0,213.627,950.000240712582,1
h0,172.109,951.000244574093,1
h0,128.761,952.000235429502,1
h0,83.4711,953.00023927843,1
h0,37.284,954.000243124366,1
h0,8.8575,955.000234029545,1
h0,53.0107,956.000238176825,1
h0,96.8969,957.000242323213,1
h0,140.193,958.000246467633,1
h0,182.961,959.000237610292,1
h0,224.633,960.000241749294,1
h0,264.056,961.000245880797,1
h0,301.346,962.000237005182,1
h0,336.686,963.000241123064,1
h0,370.184,964.0002452348,1
