h0,367.093,932.000247224491,1
h0,317.794,933.000238060047,1
h0,270.149,934.000241901119,1
h0,224,935.000245747185,1
h0,179.111,936.000236597451,1
h0,135.3,937.000240451311,1
h0,92.5239,938.000244308626,1
h0,50.6303,939.000235168884,1
h0,9.82282,940.000239032765,1
h0,32.7881,941.000243109369,1
h0,76.2889,942.000234254472,1
h0,121.553,943.000238405457,1
h0,168.591,944.000242562359,1
h0,217.442,945.000246725309,1
h0,267.931,946.000237893721,1
h0,319.781,947.000242066675,1
h0,371.847,948.000246240348,1
