h0,404.164,969.000239348146,1
h0,379.797,970.000243266865,1
h0,355.404,971.0002471855,1
h0,331.027,972.000238104186,1
h0,305.985,973.000242020657,1
h0,279.095,974.000245930962,1
h0,250.208,975.000236834603,1
h0,219.474,976.000240732088,1
h0,186.78,977.000244623032,1
h0,152.28,978.000235507951,1
h0,117.389,979.000239391568,1
h0,82.5462,980.000243275344,1
h0,47.7864,981.000234159398,1
h0,15.1507,982.000238050537,1
h0,18.5426,983.000242061851,1
h0,46.7991,984.000246156105,1
h0,76.4718,985.000237255082,1
h0,108.003,986.000241360258,1
h0,141.437,987.000245471782,1
h0,176.281,988.000236588009,1
h0,211.197,989.000240704477,1
h0,246.089,990.000244820863,1
h0,281.028,991.000235937408,1
h0,315.958,992.000240053923,1
h0,350.513,993.000244169186,1
