h0,413.447,980.000244379112,1
h0,401.565,981.000235339476,1
h0,389.672,982.000239299806,1
h0,377.771,983.00024326011,1
h0,365.893,984.000247220486,1
h0,354.006,985.000238180836,1
h0,342.099,986.000242141118,1
h0,330.168,987.00024610132,1
h0,318.302,988.000237061742,1
h0,306.443,989.000241022183,1
h0,294.531,990.000244982449,1
h0,282.244,991.000235941465,1
h0,269.27,992.000239898188,1
h0,255.736,993.000243853044,1
h0,241.877,994.000234806815,1
h0,227.717,995.000238759582,1
h0,213.403,996.000242711836,1
h0,198.979,997.000246663724,1
h0,184.497,998.000237615415,1
h0,169.933,999.000241566835,1
h0,155.333,1000.000245518134,1
h0,140.747,1001.000236469481,1
h0,126.086,1002.000240420579,1
h0,111.446,1003.000244371744,1
h0,96.7952,1004.000235322874,1
h0,82.1299,1005.000239273956,1
h0,67.4562,1006.00024322501,1
h0,52.8654,1007.00023417634,1
h0,38.0486,1008.000238126916,1
h0,21.7315,1009.000242072488,1
h0,6.79289,1010.000246022659,1
h0,19.1836,1011.00023706399,1
h0,40.87,1012.000241136328,1
h0,64.879,1013.000245216413,1
h0,90.9439,1014.000236303356,1
h0,118.881,1015.000240396544,1
h0,148.842,1016.000244496482,1
h0,180.874,1017.000235603329,1
h0,213.905,1018.000239713511,1
h0,245.163,1019.000243817774,1
h0,274.583,1020.000234915909,1
h0,302.391,1021.000239008669,1
h0,328.697,1022.000243096417,1
h0,353.97,1023.000247180715,1
