h0,408.283,948.000246361885,1
h0,374.909,949.000237250563,1
h0,342.229,950.000241141555,1
h0,309.767,951.000245033271,1
h0,276.482,952.000235922243,1
h0,243.601,953.000239812565,1
h0,211.849,954.000243706654,1
h0,181.053,955.000234603927,1
h0,151.191,956.00023850432,1
h0,122.3,957.000242407947,1
h0,94.3152,958.000246314602,1
h0,67.1641,959.000237224035,1
h0,41.0314,960.000241136866,1
h0,14.5856,961.000245048652,1
h0,14.9415,962.00023604984,1
h0,39.0265,963.000240130178,1
h0,63.0265,964.000244210234,1
h0,88.2438,965.00023529435,1
h0,113.715,966.000239379312,1
h0,137.886,967.000243459938,1
h0,161.143,968.000234537517,1
h0,183.886,969.000238613379,1
h0,206.476,970.00024268873,1
h0,229.172,971.000246764436,1
h0,251.807,972.000237839938,1
h0,274.486,973.000241915587,1
h0,297.288,974.000245991647,1
h0,320.187,975.00023706803,1
h0,343.183,976.000241144735,1
h0,366.313,977.000245221887,1
