h0,408.489,979.000240362574,1
h0,374.712,980.000244249905,1
h0,340.69,981.000235136421,1
h0,305.789,982.000239020001,1
h0,269.218,983.000242898013,1
h0,231.692,984.00024677284,1
h0,194.877,985.000237650038,1
h0,158.884,986.00024152998,1
h0,123.54,987.000245412085,1
h0,88.8314,988.00023629631,1
h0,54.6851,989.00024018241,1
h0,21.1564,990.00024407057,1
h0,12.761,991.000235042566,1
h0,45.3035,992.000239151116,1
h0,77.4759,993.000243258432,1
h0,109.277,994.000234364509,1
h0,140.622,995.000238469064,1
h0,171.613,996.000242572439,1
h0,202.117,997.00024667419,1
h0,232.222,998.000237774609,1
h0,261.959,999.0002418738,1
h0,291.359,1000.00024597187,1
h0,320.468,1001.000237068966,1
h0,349.308,1002.000241165166,1
h0,377.898,1003.000245260533,1
