h0,112.728,935.000240376021,1
h0,130.6,936.000244435636,1
h0,146.249,937.000235487834,1
h0,158.325,938.000239528117,1
h0,166.824,939.000243556464,1
h0,172.066,940.000234573951,1
h0,175.949,941.000238586902,1
h0,179.073,942.000242597325,1
h0,181.478,943.000246605345,1
h0,183.305,944.00023761144,1
h0,183.313,945.000241611466,1
h0,180.997,946.000245603742,1
h0,176.393,947.000236588383,1
h0,169.534,948.000240565505,1
h0,160.65,949.000244535869,1
h0,149.647,950.000235499168,1
h0,136.674,951.000239455895,1
h0,121.802,952.000243406288,1
h0,104.963,953.000234350119,1
h0,86.0874,954.000238287157,1
h0,67.0219,955.000242223561,1
h0,49.0699,956.00024616368,1
h0,32.2791,957.000237107671,1
h0,16.7379,958.000241055832,1
h0,3.66481,959.000245012224,1
h0,12.3346,960.000236041144,1
h0,24.9566,961.000240083246,1
h0,36.8893,962.00024412305,1
h0,47.7222,963.000235159184,1
h0,56.4263,964.000239188218,1
h0,63.7946,965.000243212796,1
h0,71.2575,966.000234237689,1
h0,78.6975,967.000238262506,1
h0,86.2971,968.000242287856,1
h0,93.8837,969.000246313162,1
h0,101.485,970.000237338517,1
h0,108.791,971.000241362888,1
h0,115.26,972.000245384465,1
h0,121.071,973.000236403851,1
h0,126.856,974.000240423146,1
h0,132.836,975.000244443094,1
h0,138.866,976.000235463207,1
h0,145.075,977.000239483919,1
h0,151.418,978.000243505075,1
h0,157.914,979.000234526744,1
h0,164.196,980.000238547699,1
h0,170.022,981.000242567133,1
h0,175.661,982.000246585942,1
h0,181.27,983.00023760465,1
h0,186.905,984.000241623448,1
h0,192.588,985.000245642405,1
h0,198.396,986.000236661777,1
h0,204.383,987.000240681748,1
h0,210.47,988.000244702054,1
h0,216.611,989.000235722538,1
h0,222.922,990.000239743588,1
h0,228.579,991.000243762458,1
h0,232.299,992.000234774866,1
h0,235.088,993.000238784169,1
h0,237.767,994.000242793105,1
h0,240.342,995.000246801693,1
h0,242.765,996.000237809777,1
h0,245.091,997.000241817535,1
h0,247.293,998.000245824882,1
h0,249.474,999.000236832154,1
h0,251.529,1000.000240839012,1
h0,253.451,1001.000244845422,1
h0,255.218,1002.000235851314,1
h0,256.918,1003.000239856987,1
h0,258.605,1004.000243862613,1
h0,260.14,1005.000234867732,1
h0,261.636,1006.000238872724,1
h0,263.391,1007.000242878578,1
h0,265.093,1008.000246884256,1
h0,266.607,1009.000237889305,1
h0,267.951,1010.000241893787,1
h0,269.071,1011.000245897524,1
h0,269.974,1012.000236900536,1
h0,270.893,1013.0002409036,1
h0,270.323,1014.0002449017,1
h0,268.54,1015.000235895754,1
h0,265.796,1016.000239886599,1
h0,262.383,1017.000243875215,1
h0,258.439,1018.00023486206,1
h0,254.114,1019.000238847633,1
h0,249.532,1020.00024283235,1
h0,244.8,1021.000246816565,1
h0,239.926,1022.000237800306,1
h0,235.016,1023.000241783931,1
h0,230.097,1024.000245767522,1
h0,225.117,1025.000236750909,1
h0,220.093,1026.000240734151,1
h0,215.069,1027.000244717392,1
h0,210.057,1028.000235700676,1
h0,205.023,1029.000239683885,1
h0,199.985,1030.000243667077,1
h0,194.97,1031.00023465035,1
h0,189.936,1032.000238633559,1
h0,184.943,1033.000242616905,1
h0,181.288,1034.000246604712,1
h0,179.582,1035.00023759902,1
h0,179.913,1036.000241600126,1
h0,181.993,1037.000245607064,1
h0,185.802,1038.000236619768,1
h0,189.964,1039.000240633652,1
h0,194.213,1040.000244647826,1
h0,198.554,1041.000235662306,1
h0,202.472,1042.000239675374,1
h0,205.613,1043.000243685852,1
h0,208.666,1044.000234696034,1
h0,211.82,1045.000238706555,1
h0,214.364,1046.00024271504,1
h0,215.865,1047.000246720048,1
h0,217.312,1048.000237724874,1
h0,219.157,1049.000241731029,1
h0,221.366,1050.000245738397,1
h0,223.923,1051.000236746927,1
h0,226.747,1052.000240756347,1
h0,229.833,1053.00024476664,1
h0,233.271,1054.000235778109,1
h0,237.067,1055.000239790769,1
h0,240.01,1056.000243800588,1
h0,241.251,1057.000234804726,1
h0,242.47,1058.000238808794,1
h0,244.674,1059.000242816143,1
h0,247.637,1060.000246826029,1
h0,251.015,1061.000237837297,1
h0,254.924,1062.000241850335,1
h0,259.035,1063.000245864047,1
h0,263.388,1064.000236878569,1
h0,267.949,1065.000240893781,1
h0,272.694,1066.000244909608,1
h0,277.496,1067.000235925627,1
h0,282.36,1068.000239941853,1
h0,287.274,1069.000243958244,1
h0,293.012,1070.000234977384,1
h0,300.214,1071.000239001407,1
h0,308.798,1072.000243030038,1
h0,317.822,1073.000247060141,1
h0,328.377,1074.000238095347,1
