h0,412.304,957.000243375299,1
h0,386.175,958.000247288142,1
h0,360.524,959.000238202578,1
h0,335.301,960.000242118445,1
h0,310.498,961.000246035708,1
h0,285.997,962.000236953983,1
h0,261.741,963.000240873074,1
h0,237.782,964.000244793154,1
h0,213.965,965.000235713711,1
h0,190.316,966.000239634825,1
h0,166.789,967.000243556348,1
h0,143.403,968.00023447834,1
h0,119.978,969.000238400202,1
h0,96.089,970.000242320518,1
h0,71.5232,971.000246238576,1
h0,46.5443,972.000237155255,1
h0,21.7182,973.000241072444,1
h0,8.01255,974.000245026727,1
h0,31.2871,975.000236104362,1
h0,56.9827,976.000240190074,1
h0,82.9436,977.00024427667,1
h0,109.053,978.000235363762,1
h0,135.326,979.0002394514,1
h0,161.686,980.000243539327,1
h0,188.162,981.000234627639,1
h0,214.674,982.000238716074,1
h0,241.13,983.000242804321,1
h0,267.787,984.00024689324,1
h0,294.475,985.000237982264,1
h0,321.198,986.0002420714,1
h0,347.96,987.000246160671,1
h0,374.754,988.000237250043,1
