h0,405.464,942.000235352482,1
h0,365.211,943.000239218213,1
h0,325.91,944.000243087117,1
h0,287.383,945.000246958605,1
h0,249.689,946.000237832874,1
h0,212.571,947.000241709062,1
h0,175.628,948.000245585831,1
h0,138.849,949.000236463151,1
h0,102.429,950.000240341667,1
h0,66.3461,951.000244221307,1
h0,30.6463,952.000235102225,1
h0,5.91765,953.000239019739,1
h0,40.2629,954.000243134303,1
h0,75.2416,955.000234250979,1
h0,110.908,956.00023836995,1
h0,147.598,957.000242492334,1
h0,184.959,958.000246616956,1
h0,223.124,959.00023774426,1
h0,261.653,960.00024187278,1
h0,300.451,961.000246002197,1
h0,340.505,962.000237135802,1
