h0,405.589,976.000241352898,1
h0,388.392,977.000245295538,1
h0,369.175,978.000236231434,1
h0,348.036,979.000240160922,1
h0,325.158,980.000244084612,1
h0,300.449,981.000235002191,1
h0,274.136,982.000238914421,1
h0,248.056,983.000242827427,1
h0,222.309,984.000246741544,1
h0,196.895,985.00023765677,1
h0,171.754,986.000241572911,1
h0,146.84,987.000245489805,1
h0,122.115,988.000236407332,1
h0,97.5327,989.000240325334,1
h0,73.1104,990.00024424387,1
h0,48.7905,991.000235162748,1
h0,24.6176,992.000239082115,1
h0,3.20592,993.000243010694,1
h0,24.1597,994.000234080588,1
h0,48.1669,995.000238160667,1
h0,72.1635,996.000242240712,1
h0,96.1944,997.00024632087,1
h0,120.224,998.000237401026,1
h0,144.176,999.000241480918,1
h0,168.013,1000.000245560431,1
h0,191.985,1001.000236640393,1
h0,215.928,1002.000240720259,1
h0,239.879,1003.000244800149,1
h0,263.793,1004.000235879919,1
h0,287.721,1005.000239959734,1
h0,311.638,1006.000244039512,1
h0,335.43,1007.000235118875,1
h0,358.647,1008.000239196316,1
