h0,403.027,959.000238344353,1
h0,358.498,960.000242195822,1
h0,314.524,961.000246049139,1
h0,271.031,962.000236904063,1
h0,227.986,963.00024076048,1
h0,185.301,964.000244618098,1
h0,143.267,965.000235477888,1
h0,102.225,966.000239340986,1
h0,61.8129,967.000243206186,1
h0,21.611,968.000234072087,1
h0,19.0818,969.00023806365,1
h0,58.423,970.000242194878,1
h0,97.1979,971.000246324217,1
h0,135.46,972.000237451846,1
h0,173.12,973.000241577466,1
h0,210.326,974.000245701573,1
h0,247.091,975.000236824207,1
h0,283.518,976.000240945714,1
h0,319.608,977.000245066099,1
h0,355.31,978.000236185188,1
