h0,384.976,961.00023728414,1
h0,350.354,962.000241168655,1
h0,315.982,963.000245054002,1
h0,281.748,964.000235939809,1
h0,247.709,965.000239826269,1
h0,213.882,966.000243713433,1
h0,180.042,967.000234600554,1
h0,145.765,968.000238486221,1
h0,110.421,969.000242368323,1
h0,75.0654,970.000246250391,1
h0,40.254,971.000237134273,1
h0,8.42653,972.000241028108,1
h0,28.7236,973.000245095812,1
h0,61.1362,974.000236203928,1
h0,92.6276,975.000240308972,1
h0,123.039,976.000244410415,1
h0,152.364,977.000235508231,1
h0,180.881,978.000239603354,1
h0,208.824,979.000243696561,1
h0,236.586,980.000234789165,1
h0,264.24,981.000238881411,1
h0,293.19,982.000242977976,1
h0,324.58,983.000247082683,1
h0,357.404,984.000238192172,1
