h0,404.254,948.000246348447,1
h0,374.362,949.000237248737,1
h0,344.493,950.000241149103,1
h0,314.737,951.000245049848,1
h0,285.138,952.000235951119,1
h0,255.754,953.000239853104,1
h0,226.44,954.000243755324,1
h0,197.226,955.000234657875,1
h0,168.078,956.000238560648,1
h0,138.995,957.000242463636,1
h0,110.03,958.000246367019,1
h0,81.0657,959.000237270406,1
h0,52.1009,960.00024117379,1
h0,23.9257,961.000245079808,1
h0,9.12517,962.000236030438,1
h0,37.0419,963.000240123559,1
h0,66.3129,964.000244221196,1
h0,95.1537,965.000235317398,1
h0,123.481,966.00023941189,1
h0,151.191,967.000243504319,1
h0,177.91,968.000234593443,1
h0,204.329,969.000238681567,1
h0,231.1,970.000242770866,1
h0,256.493,971.000246855569,1
h0,280.478,972.000237935573,1
h0,303.331,973.000242011803,1
h0,325.378,974.000246085343,1
h0,346.838,975.000237156927,1
h0,367.852,976.000241227023,1
