h0,413.186,948.000246378239,1
h0,379.999,949.000237267541,1
h0,347.996,950.00024116079,1
h0,317.642,951.000245059539,1
h0,288.719,952.000235963061,1
h0,261.054,953.000239870782,1
h0,234.237,954.00024378133,1
h0,207.137,955.000234690934,1
h0,179.354,956.000238598262,1
h0,150.494,957.000242501995,1
h0,120.307,958.000246401301,1
h0,89.8581,959.000237299734,1
h0,59.5268,960.00024119856,1
h0,29.7639,961.000245099282,1
h0,6.41572,962.000236021401,1
h0,30.1148,963.000240100452,1
h0,58.2413,964.000244194272,1
h0,86.7954,965.000235289518,1
h0,116.618,966.000239388995,1
h0,146.829,967.00024348977,1
h0,177.106,968.000234590764,1
h0,207.423,969.000238691887,1
h0,237.694,970.000242792863,1
h0,267.994,971.000246893932,1
h0,298.305,972.00023799504,1
h0,328.683,973.000242096369,1
h0,359.06,974.000246197695,1
