h0,388.383,956.000239295507,1
h0,354.84,957.000243183618,1
h0,321.279,958.000247071672,1
h0,287.754,959.000237959845,1
h0,254.246,960.000241848072,1
h0,220.731,961.000245736281,1
h0,187.219,962.000236624496,1
h0,153.701,963.00024051269,1
h0,120.218,964.000244401003,1
h0,86.78,965.000235289467,1
h0,53.3282,966.000239177884,1
h0,20.0118,967.000243066752,1
h0,14.0847,968.000234046982,1
h0,47.2922,969.00023815775,1
h0,80.7081,970.000242269213,1
h0,114.171,971.000246380833,1
h0,147.632,972.000237492447,1
h0,181.092,973.000241604059,1
h0,214.998,974.000245717156,1
h0,250.834,975.000236836692,1
h0,288.686,976.000240962952,1
h0,328.649,977.000245096255,1
h0,369.486,978.000236232474,1
