h0,414.446,956.000239382442,1
h0,381.492,957.000243272522,1
h0,349.064,958.000247164353,1
h0,317.539,959.000238059197,1
h0,286.749,960.000241956492,1
h0,256.693,961.000245856236,1
h0,226.776,962.000236756442,1
h0,196.098,963.000240654114,1
h0,165.558,964.000244552241,1
h0,135.197,965.000235450968,1
h0,105.063,966.000239350454,1
h0,75.0822,967.000243250447,1
h0,45.265,968.000234150988,1
h0,15.734,969.000238052483,1
h0,14.5569,970.000242048557,1
h0,43.8386,971.00024614623,1
h0,73.2531,972.000237244346,1
h0,102.607,973.000241342259,1
h0,133.271,974.000245444543,1
h0,165.73,975.000236552816,1
h0,200.115,976.000240667512,1
h0,236.264,977.000244788092,1
h0,274.305,978.000235914982,1
h0,314.456,979.000240048913,1
h0,356.458,980.000244189015,1
