h0,397.956,984.000238327439,1
h0,371.847,985.000242240349,1
h0,345.708,986.000246153158,1
h0,319.256,987.000237064924,1
h0,292.199,988.000240974671,1
h0,264.513,989.000244882319,1
h0,236.852,990.000235790055,1
h0,209.4,991.000239698483,1
h0,182.192,992.000243607727,1
h0,155.135,993.000234517474,1
h0,128.159,994.000238427492,1
h0,101.237,995.000242337691,1
h0,74.3496,996.000246248003,1
h0,47.1493,997.000237157273,1
h0,19.3993,998.000241064709,1
h0,10.1129,999.000245033733,1
h0,39.2712,1000.000236130995,1
h0,69.0567,1001.000240230349,1
h0,99.2219,1002.000244330969,1
h0,129.695,1003.000235432616,1
h0,160.418,1004.000239535095,1
h0,191.434,1005.000243638555,1
h0,222.63,1006.000234742615,1
h0,254.059,1007.000238847448,1
h0,285.599,1008.000242952657,1
h0,317.267,1009.00024705829,1
h0,349.111,1010.000238164508,1
