h0,397.042,972.000238324389,1
h0,376.379,973.000242255465,1
h0,355.829,974.000246186917,1
h0,335.418,975.000237118835,1
h0,315.077,976.000241050984,1
h0,294.828,977.000244983442,1
h0,274.648,978.000235916127,1
h0,254.485,979.00023984887,1
h0,234.369,980.000243781771,1
h0,214.291,981.000234714798,1
h0,194.21,982.000238647815,1
h0,174.112,983.000242580776,1
h0,153.513,984.000246512065,1
h0,132.129,985.000237440734,1
h0,109.792,986.000241366226,1
h0,87.1639,987.000245290748,1
h0,64.407,988.000236214839,1
h0,41.6298,989.000240138862,1
h0,19.2904,990.000244064346,1
h0,8.06639,991.000235026907,1
h0,28.7953,992.000239096051,1
h0,51.6497,993.000243172285,1
h0,74.7462,994.000234249327,1
h0,97.9307,995.000238326662,1
h0,121.164,996.000242404161,1
h0,144.423,997.000246481744,1
h0,167.755,998.000237559571,1
h0,191.109,999.000241637472,1
h0,214.413,1000.000245715204,1
h0,237.778,1001.000236793141,1
h0,261.187,1002.000240871226,1
h0,284.605,1003.000244949339,1
h0,307.997,1004.000236027368,1
h0,331.396,1005.00024010542,1
h0,354.812,1006.000244183525,1
h0,378.185,1007.00023526149,1
