h0,384.429,949.000237282317,1
h0,353.036,950.000241177603,1
h0,321.63,951.000245072841,1
h0,290.187,952.000235967961,1
h0,258.743,953.000239863073,1
h0,227.234,954.000243757972,1
h0,195.696,955.000234652771,1
h0,164.1,956.000238547379,1
h0,132.491,957.000242441944,1
h0,100.854,958.000246336412,1
h0,69.2481,959.000237230987,1
h0,37.6588,960.000241125616,1
h0,6.68496,961.000245022299,1
h0,26.0013,962.000236086731,1
h0,57.5254,963.000240191884,1
h0,89.1748,964.000244297455,1
h0,120.76,965.000235402812,1
h0,151.933,966.000239506793,1
h0,182.776,967.000243609675,1
h0,213.309,968.000234711521,1
h0,243.464,969.000238812108,1
h0,273.284,970.000242911576,1
h0,302.84,971.000247010166,1
h0,332.161,972.00023810797,1
h0,361.217,973.000242204889,1
