h0,395.09,949.000237317877,1
h0,361.719,950.000241206566,1
h0,328.52,951.000245095824,1
h0,295.477,952.000235985606,1
h0,262.564,953.00023987582,1
h0,230.098,954.000243767525,1
h0,198.08,955.000234660722,1
h0,166.391,956.00023855502,1
h0,135.034,957.000242450426,1
h0,103.998,958.000246346899,1
h0,73.5035,959.000237245181,1
h0,43.5274,960.000241145192,1
h0,14.2825,961.000245047641,1
h0,15.3016,962.000236051041,1
h0,43.4805,963.000240145035,1
h0,71.2759,964.000244237751,1
h0,98.7403,965.000235329362,1
h0,126.777,966.000239422882,1
h0,155.064,967.000243517236,1
h0,183.043,968.000234610567,1
h0,210.563,969.000238702364,1
h0,237.992,970.000242793854,1
h0,266.765,971.000246889832,1
h0,295.813,972.000237986725,1
h0,323.919,973.000242080479,1
h0,351.118,974.000246171203,1
h0,377.562,975.000237259412,1
