h0,384.714,957.000243283269,1
h0,351.438,958.000247172272,1
h0,318.477,959.000238062325,1
h0,285.694,960.000241952972,1
h0,253.116,961.000245844305,1
h0,220.654,962.000236736022,1
h0,188.328,963.000240628196,1
h0,156.078,964.000244520622,1
h0,123.912,965.000235413327,1
h0,91.8384,966.00023930634,1
h0,59.8065,967.000243199493,1
h0,27.8612,968.000234092935,1
h0,5.42424,969.000238018093,1
h0,36.5097,970.000242121783,1
h0,68.4094,971.000246228189,1
h0,100.37,972.000237334798,1
h0,132.334,973.000241441417,1
h0,164.298,974.00024554804,1
h0,196.266,975.000236654674,1
h0,228.24,976.000240761327,1
h0,260.062,977.000244867475,1
h0,290.562,978.000235969212,1
h0,320.138,979.000240067865,1
h0,350.36,980.000244168676,1
