h0,400.749,948.000246336756,1
h0,375.651,949.000237253038,1
h0,350.815,950.000241170193,1
h0,327.753,951.000245093266,1
h0,306.219,952.000236021438,1
h0,285.993,953.00023995397,1
h0,266.868,954.000243890176,1
h0,248.596,955.000234829227,1
h0,231.041,956.00023877067,1
h0,214.022,957.000242713902,1
h0,197.47,958.000246658687,1
h0,181.231,959.000237604522,1
h0,164.531,960.000241548817,1
h0,146.392,961.00024548831,1
h0,126.478,962.000236421885,1
h0,104.767,963.000240349465,1
h0,81.1541,964.000244270701,1
h0,55.7773,965.000235186053,1
h0,28.9922,966.000239096708,1
h0,6.54104,967.000243021819,1
h0,25.9434,968.000234086538,1
h0,51.5502,969.000238171953,1
h0,76.9313,970.000242256615,1
h0,101.94,971.000246340035,1
h0,126.494,972.000237421938,1
h0,150.63,973.000241502446,1
h0,174.986,974.000245583691,1
h0,200.812,975.000236669837,1
h0,226.808,976.000240756551,1
h0,251.976,977.000244840503,1
h0,276.345,978.000235921787,1
h0,300.108,979.000240001052,1
h0,323.497,980.00024407907,1
h0,347.919,981.000235160532,1
h0,373.826,982.000239246949,1
