h0,410.086,961.0002463679,1
h0,379.443,962.000237265685,1
h0,349.091,963.000241164441,1
h0,318.921,964.000245063807,1
h0,288.797,965.000235963323,1
h0,258.689,966.000239862893,1
h0,228.542,967.000243762335,1
h0,198.349,968.000234661622,1
h0,168.089,969.000238560684,1
h0,137.769,970.000242459547,1
h0,107.369,971.000246358145,1
h0,76.9133,972.000237256555,1
h0,46.495,973.00024115509,1
h0,16.6861,974.000245055659,1
h0,16.6011,975.000236055375,1
h0,46.5115,976.000240155146,1
h0,77.1303,977.000244257279,1
h0,107.893,978.000235359892,1
h0,138.781,979.000239462925,1
h0,169.767,980.000243566282,1
h0,200.731,981.000234669566,1
h0,231.786,982.000238773155,1
h0,262.824,983.000242876687,1
h0,293.876,984.000246980265,1
h0,324.923,985.000238083827,1
h0,355.907,986.000242187179,1
