h0,408.141,976.000241361411,1
h0,386.214,977.000245288271,1
h0,364.298,978.000236215166,1
h0,342.356,979.000240141978,1
h0,319.728,980.000244066496,1
h0,295.069,981.000234984246,1
h0,268.31,982.000238894987,1
h0,239.491,983.000242798857,1
h0,208.711,984.000246696185,1
h0,175.869,985.000237586637,1
h0,140.927,986.000241470081,1
h0,103.723,987.000245345982,1
h0,66.0002,988.000236220153,1
h0,28.7283,989.000240095827,1
h0,8.96703,990.000244029911,1
h0,45.0093,991.000235150135,1
h0,81.0559,992.000239270373,1
h0,116.977,993.000243390195,1
h0,152.881,994.000234509957,1
h0,188.702,995.000238629442,1
h0,224.349,996.000242748349,1
h0,259.686,997.00024686622,1
h0,294.851,998.000237983517,1
h0,329.356,999.000242098613,1
h0,363.143,1000.000246211315,1
