h0,409.777,955.000235366869,1
h0,381.606,956.0002392729,1
h0,353.635,957.0002431796,1
h0,325.748,958.000247086578,1
h0,296.95,959.00023799052,1
h0,266.827,960.00024189004,1
h0,236.563,961.000245789089,1
h0,206.581,962.00023668908,1
h0,176.905,963.00024059009,1
h0,147.508,964.000244492034,1
h0,118.431,965.000235395045,1
h0,89.6479,966.000239299033,1
h0,60.7685,967.000243202702,1
h0,31.385,968.000234104689,1
h0,3.61695,969.000238012065,1
h0,27.7596,970.000242092596,1
h0,56.6331,971.000246188908,1
h0,85.2135,972.000237284242,1
h0,113.48,973.000241378528,1
h0,141.403,974.00024547167,1
h0,169.018,975.000236563782,1
h0,196.245,976.000240654602,1
h0,223.084,977.000244744128,1
h0,249.674,978.000235832823,1
h0,276.11,979.000239921004,1
h0,302.417,980.000244008754,1
h0,328.516,981.000235095812,1
h0,354.387,982.000239182109,1
