h0,400.749,978.000236336756,1
h0,382.256,979.000240275068,1
h0,363.828,980.000244213599,1
h0,345.386,981.000235152084,1
h0,327.059,982.000239090953,1
h0,308.726,983.000243029798,1
h0,290.407,984.000246968693,1
h0,272.114,985.000237907674,1
h0,253.782,986.000241846526,1
h0,235.45,987.000245785378,1
h0,217.137,988.000236724291,1
h0,198.855,989.000240663308,1
h0,180.556,990.00024460227,1
h0,162.296,991.00023554136,1
h0,143.968,992.000239480226,1
h0,125.639,993.000243419088,1
h0,107.281,994.00023435785,1
h0,89.0174,995.00023829693,1
h0,70.691,996.0002422358,1
h0,52.3622,997.000246174662,1
h0,34.0818,998.000237113685,1
h0,16.2651,999.000241054254,1
h0,7.3357,1000.000245024469,1
h0,23.0873,1001.000236077011,1
h0,41.3323,1002.00024013787,1
h0,59.9332,1003.000244199916,1
h0,78.6205,1004.00023526225,1
h0,97.3905,1005.00023932486,1
h0,116.305,1006.000243387952,1
h0,135.304,1007.000234451327,1
h0,154.338,1008.000238514814,1
h0,173.458,1009.000242578594,1
h0,192.653,1010.00024664262,1
h0,211.929,1011.000237706919,1
h0,231.333,1012.000241771644,1
h0,250.801,1013.000245836583,1
h0,270.361,1014.000236901828,1
h0,289.979,1015.000240967266,1
h0,309.261,1016.000245031583,1
h0,328.003,1017.0002360941,1
h0,346.239,1018.000240154927,1
h0,364.124,1019.000244214588,1
