h0,397.737,986.000237326708,1
h0,373.92,987.000241247264,1
h0,350.098,988.000245167801,1
h0,326.327,989.000236088511,1
h0,302.515,990.000240009081,1
h0,278.678,991.00024392957,1
h0,254.894,992.000234850234,1
h0,231.081,993.000238770803,1
h0,207.347,994.000242691634,1
h0,183.743,995.000246612901,1
h0,160.198,996.000237534362,1
h0,136.751,997.000241456152,1
h0,113.413,998.000245378305,1
h0,90.1745,999.00023630079,1
h0,67.1438,1000.000240223967,1
h0,44.3274,1001.00024414786,1
h0,22.0052,1002.000235073401,1
h0,6.60664,1003.000239022037,1
h0,25.4108,1004.000243084761,1
h0,48.4128,1005.000234161488,1
h0,71.6478,1006.000238238991,1
h0,94.7085,1007.000242315913,1
h0,117.537,1008.000246392063,1
h0,140.092,1009.000237467297,1
h0,162.298,1010.000241541368,1
h0,184.314,1011.000245614807,1
h0,206.253,1012.000236687986,1
h0,228.336,1013.000240761647,1
h0,251.881,1014.000244840185,1
h0,276.418,1015.00023592203,1
h0,300.236,1016.000240001481,1
h0,323.391,1017.000244078715,1
h0,345.857,1018.000235153656,1
h0,367.79,1019.000239226816,1
