h0,409.887,966.000240367235,1
h0,389.011,967.000244297601,1
h0,367.334,968.000235225296,1
h0,344.65,969.000239149629,1
h0,320.655,970.000243069591,1
h0,295.293,971.000246984993,1
h0,269.596,972.000237899275,1
h0,243.809,973.000241813258,1
h0,217.969,974.000245727065,1
h0,192.081,975.000236640713,1
h0,166.114,976.000240554098,1
h0,140.15,977.00024446749,1
h0,114.144,978.000235380744,1
h0,88.1259,979.000239293957,1
h0,62.1631,980.000243207354,1
h0,36.4136,981.000234121463,1
h0,11.6734,982.000238038938,1
h0,17.4429,983.000242058183,1
h0,42.8444,984.000246142914,1
h0,68.7769,985.000237229415,1
h0,94.8621,986.000241316426,1
h0,120.988,987.000245403574,1
h0,147.09,988.00023649064,1
h0,173.204,989.000240577747,1
h0,199.368,990.00024466502,1
h0,225.594,991.000235752499,1
h0,251.729,992.000239839677,1
h0,277.899,993.000243926971,1
h0,304.058,994.000235014228,1
h0,330.244,995.000239101577,1
h0,356.457,996.000243189012,1
