h0,413.943,950.000241380764,1
h0,380.018,951.000245267603,1
h0,347.128,952.000236157895,1
h0,315.155,953.000240051244,1
h0,284.081,954.000243947594,1
h0,253.368,955.000234845146,1
h0,222.098,956.000238740841,1
h0,189.576,957.000242632357,1
h0,157.467,958.000246525254,1
h0,125.512,959.000237418664,1
h0,93.8075,960.000241312908,1
h0,63.1314,961.000245210584,1
h0,33.4663,962.000236111632,1
h0,5.53249,963.000240018454,1
h0,23.5778,964.000244078647,1
h0,50.5047,965.000235168466,1
h0,76.8152,966.000239256228,1
h0,103.535,967.000243345355,1
h0,131.519,968.000234438699,1
h0,161.141,969.000238537509,1
h0,190.07,970.000242634004,1
h0,217.566,971.000246725722,1
h0,244.179,972.000237814492,1
h0,270.003,973.000241900633,1
h0,295.109,974.000245984379,1
h0,319.72,975.00023706647,1
h0,343.893,976.000241147105,1
h0,367.685,977.000245226467,1
