h0,173.527,914.000239578824,1
h0,184.388,915.000243615052,1
h0,191.815,916.000234639827,1
h0,196.98,917.000238657053,1
h0,202.139,918.000242674262,1
h0,207.195,919.000246691128,1
h0,212.487,920.00023770878,1
h0,218.676,921.000241729424,1
h0,225.455,922.000245752036,1
h0,232.673,923.000236776114,1
h0,240.305,924.000240801571,1
h0,248.737,925.000244829698,1
h0,258.14,926.000235861063,1
h0,267.679,927.000239892882,1
h0,277.136,928.000243924425,1
h0,286.541,929.000234955798,1
h0,295.763,930.00023898656,1
h0,304.798,931.000243016696,1
h0,313.589,932.000247046022,1
h0,322.539,933.000238075875,1
h0,332.812,934.000242110141,1
h0,343.15,935.000246144624,1
h0,353.438,936.000237178943,1
h0,363.037,937.00024121096,1
h0,371.878,938.000245240451,1
h0,380.136,939.000236267998,1
h0,388.052,940.000240294401,1
h0,395.743,941.000244320055,1
