h0,385.603,963.000241286234,1
h0,355.069,964.000245184384,1
h0,324.738,965.00023608321,1
h0,294.526,966.000239982434,1
h0,264.51,967.000243882311,1
h0,234.579,968.000234782472,1
h0,204.753,969.000238682983,1
h0,175.005,970.000242583754,1
h0,145.328,971.00024648476,1
h0,115.67,972.000237385832,1
h0,86.1243,973.00024128728,1
h0,56.5047,974.000245188479,1
h0,26.6501,975.000236088895,1
h0,5.30634,976.0002400177,1
h0,35.9216,977.000244119822,1
h0,67.9039,978.000235226503,1
h0,100.176,979.000239334152,1
h0,132.571,980.00024344221,1
h0,165.133,981.000234550826,1
h0,197.769,982.000238659687,1
h0,230.518,983.000242768927,1
h0,263.376,984.000246878528,1
h0,296.314,985.000237988396,1
h0,329.276,986.000242098347,1
h0,362.286,987.000246208456,1
