h0,401.818,958.000247340321,1
h0,366.74,959.000238223312,1
h0,331.583,960.000242106042,1
h0,296.393,961.00024598866,1
h0,261.155,962.000236871121,1
h0,225.832,963.000240753296,1
h0,190.491,964.000244635409,1
h0,155.127,965.000235517448,1
h0,119.718,966.000239399336,1
h0,84.3032,967.000243281205,1
h0,49.1841,968.00023416406,1
h0,14.9709,969.000238049938,1
h0,18.9045,970.000242063059,1
h0,50.6803,971.000246169051,1
h0,81.5088,972.000237271884,1
h0,111.344,973.000241371403,1
h0,140.389,974.000245468286,1
h0,168.727,975.000236562813,1
h0,197.007,976.000240657146,1
h0,227.309,977.000244758222,1
h0,259.794,978.00023586658,1
h0,293.118,979.000239977736,1
h0,326.645,980.00024408957,1
h0,360.306,981.00023520185,1
