h0,397.813,978.00023632696,1
h0,369.727,979.000240233276,1
h0,340.821,980.000244136855,1
h0,311.96,981.000235040586,1
h0,283.429,982.000238945417,1
h0,255.395,983.000242851907,1
h0,227.93,984.000246760294,1
h0,200.984,985.000237670412,1
h0,174.385,986.000241581685,1
h0,147.491,987.000245491975,1
h0,120.243,988.000236401087,1
h0,93.1936,989.000240310861,1
h0,66.3188,990.000244221216,1
h0,39.7192,991.000235132489,1
h0,13.5476,992.00023904519,1
h0,14.2478,993.000243047526,1
h0,42.2343,994.000234140878,1
h0,70.103,995.000238233839,1
h0,97.502,996.000242325232,1
h0,124.466,997.000246415174,1
h0,150.946,998.0002375035,1
h0,177.011,999.000241590446,1
h0,202.82,1000.000245676533,1
h0,229.879,1001.000236766792,1
h0,258.13,1002.000240861028,1
h0,285.127,1003.00024495108,1
h0,310.758,1004.000236036578,1
h0,335.387,1005.00024011873,1
h0,359.135,1006.000244197944,1
