h0,391.127,950.000241304661,1
h0,360.595,951.000245202814,1
h0,330.001,952.000236100764,1
h0,299.395,953.000239998675,1
h0,268.752,954.000243896459,1
h0,238.087,955.000234794172,1
h0,207.461,956.000238692017,1
h0,176.843,957.000242589886,1
h0,146.186,958.000246487623,1
h0,115.508,959.000237385295,1
h0,84.8164,960.000241282917,1
h0,54.1853,961.000245180743,1
h0,22.8017,962.000236076058,1
h0,12.7554,963.000240042547,1
h0,45.0251,964.000244150188,1
h0,79.2338,965.000235264296,1
h0,114.542,966.000239382072,1
h0,151.098,967.00024350401,1
h0,188.848,968.000234629928,1
h0,227.152,969.000238757698,1
h0,264.771,970.00024288318,1
h0,301.815,971.000247006747,1
h0,338.368,972.000238128675,1
h0,374.493,973.000242249174,1
