h0,401.984,976.000241340874,1
h0,378.898,977.000245263866,1
h0,354.606,978.000236182837,1
h0,330.574,979.000240102677,1
h0,306.691,980.000244023012,1
h0,282.961,981.000234943855,1
h0,259.39,982.000238865231,1
h0,235.928,983.000242786971,1
h0,212.54,984.000246708958,1
h0,189.23,985.000237631205,1
h0,165.966,986.000241553603,1
h0,142.583,987.000245475606,1
h0,118.789,988.000236396238,1
h0,94.9659,989.000240316772,1
h0,71.1637,990.000244237377,1
h0,47.4555,991.000235158294,1
h0,23.9962,992.000239080043,1
h0,6.4476,993.000243021507,1
h0,25.4767,994.000234084981,1
h0,48.9526,995.000238163288,1
h0,72.7328,996.00024224261,1
h0,96.5183,997.000246321951,1
h0,120.406,998.00023740163,1
h0,145.795,999.000241486321,1
h0,173.189,1000.000245577696,1
h0,202.912,1001.000236676842,1
h0,236.264,1002.000240788093,1
h0,272.401,1003.000244908632,1
h0,309.107,1004.000236031071,1
h0,345.316,1005.000240151849,1
