h0,409.401,939.000236365614,1
h0,380.981,940.000240270816,1
h0,354.53,941.000244182584,1
h0,329.684,942.000235099707,1
h0,306.039,943.000239020835,1
h0,283.454,944.000242945501,1
h0,261.614,945.00024687265,1
h0,240.362,946.000237801762,1
h0,219.562,947.000241732381,1
h0,199.078,948.000245664054,1
h0,178.827,949.000236596504,1
h0,158.764,950.00024052958,1
h0,138.847,951.000244463145,1
h0,119.06,952.000235397142,1
h0,99.3016,953.000239331235,1
h0,79.6812,954.000243265788,1
h0,60.0818,955.000234200411,1
h0,40.066,956.000238133646,1
h0,19.87,957.000242066279,1
h0,4.03158,958.000246013448,1
h0,25.9078,959.000237086419,1
h0,51.2696,960.000241171017,1
h0,77.898,961.00024525984,1
h0,104.919,962.000236349971,1
h0,132.168,963.000240440865,1
h0,159.66,964.00024453257,1
h0,187.27,965.000235624664,1
h0,214.991,966.000239717133,1
h0,242.684,967.000243809507,1
h0,270.432,968.000234902065,1
h0,298.196,969.000238994674,1
h0,326.343,970.000243088563,1
h0,356.248,971.000247188314,1
