h0,413.025,953.000240377702,1
h0,388.419,954.000244295625,1
h0,363.939,955.00023521397,1
h0,339.093,956.000239131092,1
h0,313.732,957.000243046499,1
h0,286.708,958.000246956355,1
h0,257.713,959.000237859639,1
h0,228.746,960.000241763014,1
h0,200.622,961.000245669204,1
h0,173.244,962.000236577879,1
h0,146.585,963.000240488954,1
h0,120.697,964.000244402603,1
h0,95.3524,965.000235318061,1
h0,70.5852,966.000239235447,1
h0,46.4482,967.000243154935,1
h0,23.0661,968.00023407694,1
h0,6.5273,969.000238021773,1
h0,25.1092,970.000242083755,1
h0,47.224,971.000246157522,1
h0,69.0638,972.000237230372,1
h0,90.3227,973.000241301284,1
h0,111.252,974.000245371097,1
h0,132.861,975.000236443177,1
h0,155.414,976.000240518405,1
h0,177.731,977.000244592847,1
h0,199.914,978.000235666841,1
h0,222.249,979.000239741344,1
h0,244.94,980.000243817031,1
h0,267.71,981.000234892984,1
h0,290.604,982.000238969351,1
h0,313.588,983.000243046017,1
h0,336.354,984.000247121956,1
h0,358.801,985.000238196832,1
