h0,386.148,953.000240288052,1
h0,353.174,954.00024417806,1
h0,318.675,955.000235062987,1
h0,283.333,956.000238945098,1
h0,247.976,957.000242827159,1
h0,212.589,958.000246709122,1
h0,177.237,959.0002375912,1
h0,141.898,960.000241473322,1
h0,106.54,961.000245355379,1
h0,71.2401,962.000236237631,1
h0,35.9559,963.000240119936,1
h0,3.23399,964.000244010787,1
h0,35.3008,965.000235117751,1
h0,71.5694,966.00023923873,1
h0,108.321,967.00024336132,1
h0,145.19,968.000234484303,1
h0,182.177,969.000238607676,1
h0,219.229,970.000242731268,1
h0,256.338,971.000246855051,1
h0,293.152,972.000237977849,1
h0,329.431,973.000242098863,1
h0,365.466,974.000246219062,1
