h0,386.6,952.000236289557,1
h0,355.421,953.000240185558,1
h0,324.806,954.000244083437,1
h0,294.619,955.000234982745,1
h0,264.892,956.000238883586,1
h0,235.417,957.000242785267,1
h0,205.817,958.000246686532,1
h0,175.754,959.000237586252,1
h0,145.607,960.000241485694,1
h0,115.729,961.00024538603,1
h0,86.1572,962.00023628739,1
h0,56.8635,963.000240189676,1
h0,27.6613,964.000244092268,1
h0,3.53739,965.000235011799,1
h0,30.3843,966.000239101351,1
h0,58.7546,967.000243195984,1
h0,86.8377,968.00023428966,1
h0,114.784,969.00023838288,1
h0,142.945,970.000242476812,1
h0,171.5,971.000246572064,1
h0,199.921,972.000237666864,1
h0,228.124,973.000241760939,1
h0,256.475,974.000245855509,1
h0,285.172,975.000236951232,1
h0,314.271,976.000241048296,1
h0,344.091,977.000245147766,1
h0,374.337,978.000236248653,1
