h0,401.67,993.000235339827,1
h0,372.327,994.00023924195,1
h0,342.724,995.000243143205,1
h0,313.01,996.000247044089,1
h0,283.083,997.000237944263,1
h0,253.01,998.00024184395,1
h0,222.783,999.000245743123,1
h0,192.45,1000.000236641945,1
h0,162.359,1001.000240541572,1
h0,132.073,1002.000244440549,1
h0,101.482,1003.000235338508,1
h0,70.7881,1004.000239236124,1
h0,40.1129,1005.000243133802,1
h0,9.69636,1006.000234032344,1
h0,22.06,1007.000238073584,1
h0,53.0065,1008.000242176811,1
h0,84.1554,1009.000246280712,1
h0,115.376,1010.000237384852,1
h0,146.659,1011.000241489203,1
h0,177.976,1012.000245593663,1
h0,209.309,1013.00023669818,1
h0,240.761,1014.000240803091,1
h0,272.278,1015.00024490822,1
h0,303.954,1016.00023601388,1
h0,335.72,1017.000240119842,1
h0,367.043,1018.000244224322,1
