h0,412.967,951.000245377509,1
h0,388.927,952.000236297319,1
h0,365.182,953.000240218115,1
h0,341.319,954.000244138516,1
h0,317.07,955.00023505763,1
h0,292.139,956.000238974471,1
h0,266.253,957.000242888123,1
h0,239.64,958.000246799353,1
h0,212.612,959.000237709197,1
h0,185.13,960.000241617528,1
h0,157.462,961.000245525238,1
h0,129.79,962.000236432931,1
h0,102.076,963.000240340489,1
h0,74.3793,964.000244248103,1
h0,46.6995,965.000235155773,1
h0,17.8408,966.00023905951,1
h0,13.4601,967.000243044898,1
h0,45.1232,968.000234150515,1
h0,76.9636,969.000238256723,1
h0,108.714,970.00024236263,1
h0,140.481,971.000246468595,1
h0,172.401,972.000237575067,1
h0,204.314,973.000241681518,1
h0,236.174,974.000245787792,1
h0,268.057,975.000236894143,1
h0,299.861,976.000241000228,1
h0,331.67,977.000245106332,1
h0,363.463,978.000236212384,1
