h0,392.231,951.000245308341,1
h0,366.85,952.000236223679,1
h0,341.822,953.000240140195,1
h0,316.984,954.000244057344,1
h0,292.351,955.000234975177,1
h0,267.84,956.000238893417,1
h0,243.413,957.000242811937,1
h0,219.091,958.00024673081,1
h0,194.829,959.000237649881,1
h0,170.641,960.000241569198,1
h0,146.114,961.000245487384,1
h0,119.972,962.000236400184,1
h0,91.8677,963.000240306438,1
h0,61.8083,964.00024420617,1
h0,29.8433,965.000235099547,1
h0,4.64178,966.000239015483,1
h0,36.7391,967.000243122548,1
h0,70.0759,968.000234233748,1
h0,103.475,969.000238345155,1
h0,137.073,970.000242457226,1
h0,171.141,971.000246570866,1
h0,205.569,972.000237685706,1
h0,239.752,973.000241799727,1
h0,273.718,974.000245913024,1
h0,307.429,975.000237025472,1
h0,340.213,976.00024113483,1
h0,371.949,977.000245240689,1
