h0,388.619,963.000241296295,1
h0,354.971,964.000245184056,1
h0,321.281,965.000236071679,1
h0,287.567,966.000239959219,1
h0,253.887,967.000243846875,1
h0,220.187,968.000234734465,1
h0,186.454,969.000238621943,1
h0,152.816,970.000242509738,1
h0,119.098,971.000246397268,1
h0,85.3559,972.000237284717,1
h0,51.6275,973.000241172211,1
h0,18.2007,974.000245060711,1
h0,15.6373,975.000236052161,1
h0,48.3309,976.000240161215,1
h0,80.8829,977.000244269796,1
h0,113.064,978.000235377142,1
h0,145.119,979.000239484066,1
h0,176.975,980.000243590327,1
h0,208.655,981.000234695998,1
h0,240.151,982.000238801059,1
h0,271.512,983.000242905667,1
h0,302.749,984.000247009861,1
h0,333.884,985.000238113717,1
h0,364.929,986.000242217274,1
