h0,394.858,948.000246317103,1
h0,366.832,949.00023722362,1
h0,338.735,950.000241129899,1
h0,310.571,951.000245035955,1
h0,282.328,952.000235941745,1
h0,254.003,953.000239847263,1
h0,224.368,954.00024374841,1
h0,193.257,955.000234644635,1
h0,160.245,956.00023853452,1
h0,125.691,957.000242419262,1
h0,91.7287,958.000246305974,1
h0,58.4056,959.00023719482,1
h0,25.5928,960.000241085368,1
h0,7.83678,961.000245026141,1
h0,39.5009,962.000236131761,1
h0,71.4007,963.000240238167,1
h0,102.866,964.000244343125,1
h0,133.622,965.000235445714,1
h0,163.677,966.000239545968,1
h0,193.268,967.000243644673,1
h0,222.434,968.00023474196,1
h0,251.208,969.00023883794,1
h0,279.745,970.00024293313,1
h0,308.089,971.000247027675,1
h0,336.215,972.000238121493,1
h0,364.197,973.000242214831,1
