h0,412.407,968.000235375642,1
h0,400.333,969.000239335368,1
h0,388.272,970.000243295135,1
h0,376.221,971.000247254937,1
h0,364.144,972.000238214655,1
h0,352.079,973.000242174408,1
h0,339.987,974.000246134074,1
h0,327.917,975.000237093812,1
h0,315.851,976.000241053564,1
h0,303.853,977.000245013545,1
h0,291.804,978.000235973352,1
h0,279.749,979.000239933143,1
h0,267.667,980.000243892842,1
h0,255.59,981.000234852556,1
h0,243.548,982.000238812389,1
h0,231.484,983.000242772149,1
h0,219.428,984.000246731932,1
h0,207.389,985.000237691776,1
h0,195.323,986.000241651528,1
h0,183.279,987.000245611352,1
h0,171.182,988.000236571002,1
h0,159.108,989.000240530727,1
h0,147.064,990.000244490552,1
h0,135.021,991.000235450382,1
h0,122.951,992.00023941012,1
h0,110.925,993.000243370005,1
h0,98.9046,994.00023432991,1
h0,86.881,995.000238289804,1
h0,74.8654,996.000242249724,1
h0,62.8448,997.000246209628,1
h0,50.8677,998.000237169676,1
h0,38.9148,999.000241129806,1
h0,27.092,1000.000245090369,1
h0,15.655,1001.000236052219,1
h0,6.78802,1002.000240022642,1
h0,11.7108,1003.000244039063,1
h0,22.7733,1004.000235075964,1
h0,34.4852,1005.00023911503,1
h0,46.3922,1006.000243154748,1
h0,58.3547,1007.00023419465,1
h0,70.3547,1008.000238234678,1
h0,82.3618,1009.000242274729,1
h0,94.3914,1010.000246314856,1
h0,106.451,1011.000237355083,1
h0,118.508,1012.000241395299,1
h0,130.598,1013.000245435628,1
h0,142.608,1014.000236475689,1
h0,154.646,1015.000240515844,1
h0,166.74,1016.000244556185,1
h0,178.805,1017.000235596431,1
h0,190.903,1018.000239636784,1
h0,203.074,1019.000243677383,1
h0,215.379,1020.000234718427,1
h0,227.813,1021.000238759904,1
h0,240.485,1022.000242802172,1
h0,253.478,1023.000246845511,1
h0,266.696,1024.000237889601,1
h0,280.329,1025.000241935078,1
h0,294.387,1026.00024598197,1
h0,308.853,1027.000237030222,1
h0,323.749,1028.000241079912,1
h0,339.082,1029.000245131056,1
h0,354.757,1030.000236183342,1
h0,370.748,1031.000240236683,1
