h0,411.004,965.000244370963,1
h0,381.287,966.000235271837,1
h0,351.602,967.000239172818,1
h0,321.877,968.000243073666,1
h0,292.146,969.000246974496,1
h0,262.476,970.000237875526,1
h0,232.732,971.000241776312,1
h0,203.032,972.000245677243,1
h0,173.308,973.000236578094,1
h0,143.623,974.000240479075,1
h0,113.981,975.000244380201,1
h0,84.3006,976.000235281197,1
h0,54.7789,977.000239182723,1
h0,25.4878,978.000243085018,1
h0,8.17298,979.000234027262,1
h0,35.3731,980.000238117992,1
h0,64.8445,981.000242216298,1
h0,94.4764,982.000246315139,1
h0,124.135,983.000237414071,1
h0,153.871,984.000241513259,1
h0,183.464,985.000245611969,1
h0,213.16,986.000236711024,1
h0,242.878,987.000240810155,1
h0,272.461,988.000244908831,1
h0,301.207,989.000236004719,1
h0,329.054,990.000240097608,1
h0,356.054,991.000244187668,1
