h0,409.612,952.000236366318,1
h0,368.1,953.000240227849,1
h0,326.562,954.000244089295,1
h0,285.032,955.000234950765,1
h0,243.573,956.000238812472,1
h0,202.072,957.00024267404,1
h0,160.571,958.000246535606,1
h0,119.086,959.000237397227,1
h0,77.6744,960.000241259094,1
h0,36.4478,961.000245121577,1
h0,8.52287,962.000236028429,1
h0,47.5344,963.000240158558,1
h0,88.0779,964.000244293796,1
h0,127.864,965.000235426508,1
h0,166.779,966.000239556313,1
h0,204.932,967.000243683581,1
h0,242.368,968.000234808452,1
h0,279.135,969.000238931093,1
h0,315.495,970.000243052379,1
h0,351.323,971.000247171886,1
