h0,391.011,981.000235304272,1
h0,361.423,982.000239205578,1
h0,332.32,983.0002431085,1
h0,303.7,984.000247013034,1
h0,275.507,985.000237918991,1
h0,247.667,986.000241826129,1
h0,220.189,987.000245734473,1
h0,192.936,988.000236643566,1
h0,165.984,989.000240553664,1
h0,139.265,990.000244464537,1
h0,112.657,991.000235375784,1
h0,85.27,992.00023928443,1
h0,56.4853,993.000243188415,1
h0,27.2315,994.000234090834,1
h0,4.04359,995.000238013488,1
h0,32.1906,996.000242107376,1
h0,61.8095,997.000246206174,1
h0,91.538,998.000237305338,1
h0,121.369,999.000241404844,1
h0,151.437,1000.00024550514,1
h0,182.9,1001.00023661009,1
h0,216.21,1002.000240721198,1
h0,251.005,1003.000244837262,1
h0,285.734,1004.000235953107,1
h0,320.503,1005.000240069084,1
h0,354.41,1006.000244182184,1
