h0,392.047,959.00023830773,1
h0,368.511,960.000242229221,1
h0,345.543,961.000246152607,1
h0,323.036,962.000237077532,1
h0,300.817,963.000241003417,1
h0,278.824,964.000244930058,1
h0,257.053,965.000235857435,1
h0,235.352,966.000239785051,1
h0,213.746,967.000243712979,1
h0,192.19,968.000234641076,1
h0,170.652,969.000238569234,1
h0,147.861,970.000242493212,1
h0,122.132,971.000246407389,1
h0,93.9976,972.000237313542,1
h0,64.7188,973.000241215879,1
h0,34.4958,974.000245115066,1
h0,5.73718,975.000236019137,1
h0,24.1636,976.000240080601,1
h0,51.9206,977.000244173188,1
h0,78.9879,978.000235263475,1
h0,105.345,979.000239351394,1
h0,131.1,980.000243437304,1
h0,156.296,981.000234521347,1
h0,181.032,982.000238603857,1
h0,205.376,983.00024268506,1
h0,229.297,984.000246764851,1
h0,252.928,985.000237843677,1
h0,276.448,986.000241922131,1
h0,301.243,987.000246004839,1
h0,326.714,988.000237089802,1
h0,351.389,989.000241172108,1
h0,375.342,990.000245252006,1
