h0,400.447,972.000238335749,1
h0,368.588,973.000242229477,1
h0,336.719,974.000246123175,1
h0,304.86,975.000237016904,1
h0,273.993,976.000240913941,1
h0,244.833,977.000244816676,1
h0,217.214,978.000235724548,1
h0,190.847,979.000239636597,1
h0,163.601,980.000243545713,1
h0,134.475,981.00023444856,1
h0,103.359,982.000238344767,1
h0,71.6115,983.00024223887,1
h0,39.9724,984.000246133334,1
h0,9.92459,985.000237033105,1
h0,25.1073,986.000241083749,1
h0,56.4873,987.000245188422,1
h0,88.2119,988.000236294243,1
h0,120.013,989.000240400321,1
h0,151.842,990.000244506492,1
h0,183.665,991.000235612639,1
h0,215.434,992.000239718609,1
h0,247.286,993.000243824856,1
h0,279.111,994.000234931013,1
h0,310.983,995.000239037329,1
h0,342.809,996.000243143488,1
h0,374.63,997.00024724963,1
