h0,405.496,955.000235352588,1
h0,373.349,956.000239245357,1
h0,341.229,957.000243138219,1
h0,309,958.000247030712,1
h0,276.718,959.000237923032,1
h0,244.439,960.00024181536,1
h0,212.183,961.000245707766,1
h0,179.899,962.000236600078,1
h0,147.631,963.000240492444,1
h0,115.36,964.000244384801,1
h0,83.042,965.000235276998,1
h0,50.7887,966.000239169413,1
h0,18.604,967.000243062056,1
h0,14.7075,968.000234049059,1
h0,49.0975,969.000238163772,1
h0,86.7909,970.000242289503,1
h0,128.153,971.000246427472,1
h0,171.416,972.000237571783,1
h0,216.212,973.000241721206,1
h0,262.169,974.000245874503,1
h0,308.709,975.000237029741,1
h0,356.171,976.000241188057,1
