h0,414.388,938.000245382248,1
h0,378.87,939.000236263774,1
h0,343.661,940.000240146329,1
h0,308.76,941.000244029914,1
h0,275.077,942.000234917557,1
h0,242.436,943.000238808679,1
h0,210.633,944.000242702596,1
h0,179.692,945.000246599388,1
h0,149.212,946.000237497719,1
h0,119.218,947.000241397668,1
h0,89.4951,948.000245298524,1
h0,59.092,949.00023619711,1
h0,27.9542,950.000240093245,1
h0,7.59608,951.000244025338,1
h0,35.6625,952.000235118957,1
h0,66.0753,953.000239220404,1
h0,96.3774,954.00024332148,1
h0,126.373,955.000234421535,1
h0,156.686,956.000238522648,1
h0,187.88,957.000242626701,1
h0,220.256,958.000246734694,1
h0,253.912,959.00023784696,1
h0,288.405,960.000241962015,1
h0,323.134,961.00024607786,1
h0,358.055,962.000237194342,1
