h0,390.036,958.00024730102,1
h0,347.642,959.000238159608,1
h0,305.403,960.000242018714,1
h0,263.326,961.00024587836,1
h0,221.397,962.0002367385,1
h0,179.593,963.000240599059,1
h0,137.895,964.000244459967,1
h0,96.2501,965.000235321056,1
h0,54.6935,966.000239182438,1
h0,13.4381,967.000243044825,1
h0,28.6226,968.000234095475,1
h0,69.9951,969.000238233478,1
h0,111.371,970.000242371495,1
h0,152.487,971.000246508643,1
h0,193.253,972.000237644622,1
h0,233.68,973.000241779473,1
h0,273.737,974.000245913088,1
h0,313.431,975.000237045494,1
h0,352.763,976.000241176689,1
