h0,415.381,963.000241385563,1
h0,387.739,964.00024529336,1
h0,360.058,965.000236201025,1
h0,332.52,966.000240109167,1
h0,305.506,967.00024401906,1
h0,279.016,968.000234930699,1
h0,252.963,969.000238843793,1
h0,227.241,970.000242757993,1
h0,201.891,971.000246673435,1
h0,176.789,972.000237589703,1
h0,151.916,973.000241506739,1
h0,127.285,974.000245424576,1
h0,102.859,975.000236343102,1
h0,78.6209,976.000240262251,1
h0,54.5414,977.000244181931,1
h0,30.6122,978.000235102111,1
h0,7.27659,979.000239024272,1
h0,17.5708,980.00024305861,1
h0,41.1409,981.000234137231,1
h0,64.7247,982.000238215898,1
h0,88.2784,983.000242294465,1
h0,111.724,984.000246372671,1
h0,135.099,985.000237450643,1
h0,158.43,986.000241528465,1
h0,181.633,987.000245605863,1
h0,204.814,988.000236683186,1
h0,228.615,989.000240762579,1
h0,253.957,990.000244847111,1
h0,280.242,991.000235934787,1
h0,306.538,992.0002400225,1
h0,332.863,993.000244110313,1
h0,359.105,994.000235197846,1
