h0,35.2193,906.000246117479,1
h0,45.6484,907.000237152267,1
h0,56.0209,908.000241186866,1
h0,66.5135,909.000245221865,1
h0,76.9975,910.000236256836,1
h0,85.2829,911.000240284473,1
h0,91.6504,912.000244305713,1
h0,94.7849,913.000235316168,1
h0,95.3935,914.000239318199,1
h0,93.9259,915.000243313303,1
h0,89.1216,916.000234297278,1
h0,81.0562,917.000238270374,1
h0,70.074,918.000242233742,1
h0,58.0342,919.000246193581,1
h0,46.5907,920.00023715541,1
h0,35.8045,921.000241119431,1
h0,25.6612,922.000245085597,1
h0,16.2172,923.000236054095,1
h0,7.66922,924.000240025582,1
h0,3.50824,925.000244011702,1
h0,9.27144,926.000235030926,1
h0,15.3038,927.000239051048,1
h0,19.0381,928.000243063504,1
h0,20.6203,929.000234068782,1
h0,21.0073,930.000238070073,1
h0,21.2768,931.000242070972,1
h0,21.5772,932.000246071974,1
h0,22.2296,933.00023707415,1
h0,22.8727,934.000241076295,1
h0,23.2069,935.00024507741,1
h0,23.347,936.000236077877,1
h0,23.3519,937.000240077894,1
h0,23.1878,938.000244077346,1
h0,23.2786,939.000235077649,1
h0,23.7098,940.000239079087,1
h0,24.2534,941.000243080901,1
h0,24.9424,942.000234083199,1
h0,25.7563,943.000238085914,1
h0,26.4454,944.000242088212,1
h0,27.0362,945.000246090183,1
h0,27.5011,946.000237091734,1
h0,27.9075,947.000241093089,1
h0,28.2223,948.00024509414,1
h0,28.2805,949.000236094334,1
h0,28.1623,950.000240093939,1
h0,27.8879,951.000244093024,1
h0,27.4584,952.000235091591,1
h0,26.9437,953.000239089874,1
h0,26.3815,954.000243087999,1
h0,25.7971,955.00023408605,1
h0,25.2164,956.000238084113,1
h0,24.6373,957.000242082181,1
h0,24.0652,958.000246080273,1
h0,23.539,959.000237078518,1
h0,23.0657,960.000241076939,1
h0,22.6531,961.000245075563,1
h0,22.2682,962.000236074279,1
h0,21.918,963.000240073111,1
h0,21.6497,964.000244072216,1
h0,21.3937,965.000235071362,1
h0,21.2012,966.00023907072,1
h0,21.0269,967.000243070138,1
h0,20.8607,968.000234069584,1
h0,20.745,969.000238069198,1
h0,20.6407,970.00024206885,1
h0,20.5628,971.00024606859,1
h0,20.5037,972.000237068393,1
h0,20.4277,973.000241068139,1
h0,20.3742,974.000245067961,1
h0,20.3131,975.000236067757,1
h0,20.2885,976.000240067675,1
h0,20.263,977.00024406759,1
h0,20.2431,978.000235067524,1
h0,20.4402,979.000239068181,1
h0,19.2312,980.000243064148,1
h0,17.7422,981.000234059181,1
h0,17.2286,982.000238057468,1
h0,17.5345,983.000242058489,1
h0,18.5131,984.000246061753,1
h0,20.0115,985.000237066751,1
h0,21.891,986.00024107302,1
h0,24.0404,987.00024508019,1
h0,26.5184,988.000236088456,1
h0,30.5156,989.000240101789,1
h0,36.3916,990.000244121389,1
h0,42.5495,991.00023514193,1
h0,48.0659,992.000239160331,1
h0,53.0656,993.000243177008,1
h0,57.6391,994.000234192263,1
h0,61.8904,995.000238206444,1
h0,65.8542,996.000242219666,1
h0,69.6225,997.000246232236,1
h0,73.1849,998.000237244119,1
h0,76.6435,999.000241255655,1
h0,79.9957,1000.000245266837,1
h0,83.267,1001.000236277749,1
h0,86.3024,1002.000240287874,1
h0,88.1489,1003.000244294033,1
h0,89.1462,1004.00023529736,1
h0,89.6414,1005.000239299012,1
h0,89.4974,1006.000243298531,1
h0,89.1438,1007.000234297352,1
h0,88.5329,1008.000238295314,1
h0,87.7922,1009.000242292843,1
h0,86.8597,1010.000246289733,1
h0,85.896,1011.000237286518,1
h0,84.8214,1012.000241282934,1
h0,83.7783,1013.000245279454,1
h0,82.586,1014.000236275477,1
h0,81.3527,1015.000240271364,1
h0,80.0986,1016.00024426718,1
h0,78.784,1017.000235262795,1
h0,77.5291,1018.000239258609,1
h0,76.2178,1019.000243254235,1
h0,74.92,1020.000234249906,1
h0,72.2054,1021.000238240851,1
h0,68.9901,1022.000242230126,1
h0,66.9749,1023.000246223404,1
h0,66.1225,1024.000237220561,1
h0,65.8527,1025.000241219661,1
h0,65.7513,1026.000245219323,1
h0,65.1283,1027.000236217245,1
h0,64.6453,1028.000240215634,1
h0,64.2259,1029.000244214234,1
h0,63.971,1030.000235213384,1
h0,63.7483,1031.000239212642,1
h0,63.6143,1032.000243212194,1
h0,63.5462,1033.000234211967,1
h0,63.5916,1034.000238212119,1
h0,63.9988,1035.000242213477,1
h0,64.6501,1036.000246215649,1
h0,65.5445,1037.000237218633,1
h0,66.6746,1038.000241222403,1
h0,67.9167,1039.000245226546,1
h0,69.286,1040.000236231113,1
h0,70.8185,1041.000240236225,1
h0,72.8031,1042.000244242845,1
h0,75.5535,1043.000235252019,1
