h0,392.906,948.000246310594,1
h0,361.089,949.000237204463,1
h0,329.266,950.000241098313,1
h0,297.382,951.000244991959,1
h0,265.496,952.000235885599,1
h0,233.572,953.000239779111,1
h0,201.62,954.000243672533,1
h0,169.791,955.00023456636,1
h0,137.88,956.00023845992,1
h0,105.962,957.000242353451,1
h0,74.1106,958.000246247206,1
h0,42.3513,959.000237141269,1
h0,11.866,960.000241039581,1
h0,22.7584,961.000245075914,1
h0,53.9635,962.000236180003,1
h0,85.5947,963.000240285513,1
h0,117.267,964.000244391162,1
h0,148.903,965.000235496686,1
h0,180.497,966.000239602073,1
h0,212.077,967.000243707413,1
h0,243.56,968.000234812427,1
h0,275.032,969.000238917408,1
h0,306.432,970.000243022148,1
h0,337.828,971.000247126874,1
h0,369.177,972.000238231443,1
