h0,410.062,977.000245367821,1
h0,389.879,978.000236300497,1
h0,369.845,979.00024023367,1
h0,350.007,980.000244167498,1
h0,330.348,981.000235101923,1
h0,310.807,982.000239036741,1
h0,291.309,983.000242971703,1
h0,271.876,984.000246906882,1
h0,252.595,985.000237842565,1
h0,233.445,986.000241778687,1
h0,214.511,987.000245715531,1
h0,195.675,988.000236652702,1
h0,177.057,989.000240590599,1
h0,158.609,990.000244529063,1
h0,140.135,991.00023546744,1
h0,121.421,992.000239405016,1
h0,102.984,993.000243343517,1
h0,84.1433,994.000234280672,1
h0,66.8137,995.000238222867,1
h0,50.8079,996.000242169477,1
h0,35.9263,997.000246119837,1
h0,22.2971,998.000237074375,1
h0,11.3918,999.000241037999,1
h0,12.1524,1000.000245040536,1
h0,22.9141,1001.000236076433,1
h0,35.3026,1002.000240117757,1
h0,47.9943,1003.000244160092,1
h0,60.7188,1004.000235202536,1
h0,73.4892,1005.000239245134,1
h0,86.216,1006.000243287586,1
h0,98.9794,1007.00023433016,1
h0,111.709,1008.000238372622,1
h0,124.486,1009.00024241524,1
h0,137.242,1010.000246457789,1
h0,150.024,1011.000237500427,1
h0,162.844,1012.000241543189,1
h0,175.629,1013.000245585836,1
h0,188.403,1014.000236628443,1
h0,201.169,1015.000240671029,1
h0,213.991,1016.000244713798,1
h0,226.77,1017.000235756424,1
h0,239.55,1018.000239799052,1
h0,252.321,1019.000243841653,1
h0,265.116,1020.000234884333,1
h0,277.919,1021.000238927039,1
h0,290.741,1022.000242969808,1
h0,303.642,1023.000247012839,1
h0,318.227,1024.000238061489,1
h0,334.736,1025.000242116559,1
h0,353.167,1026.000246178039,1
h0,372.772,1027.000237243435,1
