h0,401.989,986.000242340893,1
h0,382.141,987.000246274687,1
h0,362.181,988.000237208107,1
h0,342.028,989.000241140883,1
h0,321.767,990.0002450733,1
h0,301.32,991.000236005094,1
h0,280.629,992.000239936078,1
h0,259.54,993.000243865734,1
h0,237.743,994.000234793025,1
h0,215.784,995.000238719779,1
h0,193.69,996.00024264608,1
h0,171.492,997.000246572035,1
h0,149.24,998.00023749781,1
h0,126.967,999.000241423518,1
h0,104.603,1000.000245348918,1
h0,82.2776,1001.000236274449,1
h0,59.947,1002.000240199962,1
h0,37.6935,1003.000244125732,1
h0,16.0334,1004.000235053482,1
h0,10.1176,1005.000239033749,1
h0,31.0148,1006.000243103454,1
h0,53.2651,1007.000234177673,1
h0,75.706,1008.000238252528,1
h0,98.1985,1009.000242327555,1
h0,120.712,1010.000246402651,1
h0,143.206,1011.000237477685,1
h0,165.703,1012.000241552726,1
h0,188.219,1013.000245627832,1
h0,211.058,1014.000236704014,1
h0,235.412,1015.00024078525,1
h0,261.56,1016.000244872469,1
h0,289.581,1017.000235965938,1
h0,319.481,1018.000240065674,1
h0,351.336,1019.000244171931,1
