h0,401.977,975.000237340849,1
h0,383.952,976.000241280728,1
h0,366.181,977.000245221447,1
h0,348.647,978.000236162962,1
h0,331.333,979.000240105208,1
h0,314.146,980.000244047878,1
h0,297.098,981.000234991012,1
h0,280.138,982.00023893444,1
h0,263.282,983.000242878215,1
h0,246.455,984.000246822086,1
h0,229.693,985.000237766173,1
h0,212.947,986.000241710315,1
h0,196.243,987.000245654595,1
h0,179.558,988.000236598941,1
h0,162.958,989.000240543568,1
h0,146.332,990.000244488112,1
h0,129.722,991.000235432705,1
h0,113.103,992.000239377271,1
h0,96.5485,993.000243322051,1
h0,79.9915,994.000234266823,1
h0,63.4701,995.000238211713,1
h0,46.9628,996.000242156651,1
h0,30.5927,997.000246102046,1
h0,14.7641,998.000237049248,1
h0,7.21791,999.000241024076,1
h0,20.9229,1000.000245069791,1
h0,37.0859,1001.000236123705,1
h0,53.5001,1002.000240178457,1
h0,69.9756,1003.000244233414,1
h0,86.5077,1004.000235288558,1
h0,103.079,1005.000239343836,1
h0,119.652,1006.000243399117,1
h0,136.241,1007.000234454451,1
h0,152.788,1008.000238509646,1
h0,169.339,1009.000242564854,1
h0,185.827,1010.000246619851,1
h0,203.406,1011.000237678488,1
h0,222.831,1012.000241743284,1
h0,243.045,1013.000245810709,1
h0,263.7,1014.000236879608,1
h0,284.737,1015.000240949779,1
h0,306.087,1016.000245020996,1
h0,327.6,1017.000236092755,1
h0,349.306,1018.000240165159,1
h0,371.164,1019.000244238069,1
