h0,405.457,958.000247352459,1
h0,377.599,959.000238259535,1
h0,348.261,960.000242161674,1
h0,317.356,961.000246058585,1
h0,285.342,962.000236951797,1
h0,253.197,963.000240844573,1
h0,220.988,964.000244737138,1
h0,188.68,965.00023562937,1
h0,156.358,966.000239521555,1
h0,123.943,967.000243413429,1
h0,91.4963,968.000234305199,1
h0,59.0234,969.000238196881,1
h0,26.6632,970.000242088939,1
h0,6.87392,971.000246022929,1
h0,38.8131,972.000237129467,1
h0,71.3644,973.000241238046,1
h0,103.917,974.00024534663,1
h0,136.549,975.000236455479,1
h0,169.203,976.000240564401,1
h0,201.809,977.000244673163,1
h0,234.476,978.000235782126,1
h0,267.184,979.000239891232,1
h0,299.882,980.000244000297,1
h0,332.582,981.000235109375,1
h0,365.284,982.000239218456,1
