h0,414.371,990.000245382193,1
h0,393.519,991.000236312637,1
h0,372.762,992.0002402434,1
h0,352.018,993.000244174205,1
h0,331.297,994.000235105089,1
h0,310.594,995.000239036029,1
h0,289.943,996.000242967146,1
h0,269.265,997.000246898172,1
h0,248.604,998.000237829254,1
h0,227.995,999.00024176051,1
h0,207.324,1000.000245691557,1
h0,186.69,1001.000236622731,1
h0,166.059,1002.000240553914,1
h0,145.407,1003.000244485024,1
h0,124.77,1004.000235416188,1
h0,104.175,1005.000239347491,1
h0,83.5682,1006.000243278754,1
h0,62.9558,1007.000234209998,1
h0,42.3641,1008.000238141311,1
h0,21.845,1009.000242072867,1
h0,3.34435,1010.000246011156,1
h0,19.9207,1011.000237066448,1
h0,40.8233,1012.000241136172,1
h0,63.1171,1013.000245210536,1
h0,85.7518,1014.000236286037,1
h0,108.472,1015.000240361822,1
h0,131.24,1016.000244437769,1
h0,154.002,1017.000235513695,1
h0,176.802,1018.000239589747,1
h0,199.61,1019.000243665828,1
h0,222.471,1020.000234742083,1
h0,245.364,1021.000238818447,1
h0,268.256,1022.000242894807,1
h0,291.173,1023.000246971248,1
h0,314.114,1024.00023804777,1
h0,336.909,1025.000242123808,1
h0,358.922,1026.000246197234,1
