h0,414.967,986.000242384182,1
h0,395.765,987.000246320129,1
h0,375.344,988.000237252012,1
h0,353.377,989.000241178738,1
h0,330.184,990.000245101377,1
h0,306.661,991.000236022911,1
h0,282.914,992.000239943699,1
h0,258.994,993.000243863911,1
h0,234.925,994.000234783626,1
h0,210.729,995.000238702916,1
h0,186.5,996.000242622097,1
h0,162.159,997.000246540906,1
h0,137.763,998.000237459527,1
h0,113.298,999.00024137792,1
h0,88.8223,1000.000245296279,1
h0,64.3333,1001.000236214593,1
h0,39.9423,1002.000240133233,1
h0,16.1148,1003.000244053753,1
h0,11.7864,1004.000235039315,1
h0,35.1631,1005.000239117292,1
h0,59.3974,1006.000243198128,1
h0,82.8029,1007.000234276201,1
h0,105.231,1008.000238351014,1
h0,126.777,1009.000242422882,1
h0,147.513,1010.000246492052,1
h0,167.52,1011.000237558788,1
h0,186.847,1012.000241623254,1
h0,205.632,1013.000245685913,1
h0,223.947,1014.000236747007,1
h0,243.241,1015.000240811365,1
h0,264.462,1016.000244882151,1
h0,285.544,1017.000235952471,1
h0,304.8,1018.000240016703,1
h0,322.397,1019.0002440754,1
h0,338.583,1020.000235129392,1
h0,353.642,1021.000239179622,1
h0,367.848,1022.000243227009,1
