h0,395.129,973.000242318008,1
h0,368.613,974.000246229562,1
h0,342.197,975.000237141446,1
h0,315.846,976.000241053548,1
h0,289.609,977.000244966032,1
h0,263.188,978.000235877902,1
h0,235.968,979.000239787106,1
h0,207.88,980.000243693412,1
h0,179.027,981.000234597169,1
h0,150.669,982.000238502579,1
h0,122.828,983.000242409712,1
h0,95.4732,984.000246318464,1
h0,68.4834,985.000237228436,1
h0,41.9364,986.000241139885,1
h0,16.2702,987.000245054272,1
h0,13.0596,988.000236043562,1
h0,38.1055,989.000240127106,1
h0,63.9605,990.000244213349,1
h0,89.8425,991.000235299682,1
h0,115.746,992.000239386088,1
h0,141.594,993.000243472307,1
h0,167.433,994.000234558498,1
h0,193.303,995.000238644791,1
h0,219.172,996.00024273108,1
h0,245.028,997.000246817327,1
h0,270.889,998.000237903587,1
h0,296.727,999.000241989773,1
h0,321.731,1000.000246073178,1
h0,345.603,1001.000237152806,1
h0,368.568,1002.000241229409,1
