h0,398.285,945.000247328537,1
h0,363.285,946.000238211788,1
h0,328.294,947.000242095072,1
h0,293.322,948.000245978418,1
h0,258.345,949.000236861745,1
h0,223.325,950.000240744931,1
h0,188.309,951.000244628131,1
h0,153.287,952.00023551131,1
h0,118.266,953.000239394493,1
h0,83.2368,954.000243277648,1
h0,48.2131,955.000234160822,1
h0,13.4534,956.000238044876,1
h0,22.2213,957.000242074122,1
h0,57.1422,958.000246190606,1
h0,92.1548,959.000237307395,1
h0,127.202,960.0002414243,1
h0,162.252,961.000245541213,1
h0,197.394,962.000236658436,1
h0,234.123,963.000240780952,1
h0,272.784,964.00024490991,1
h0,313.33,965.000236045155,1
h0,355.527,966.000240185911,1
