h0,401.439,1017.000244339055,1
h0,387.582,1018.000235292834,1
h0,371.996,1019.000239240846,1
h0,354.579,1020.00024318275,1
h0,335.537,1021.000247119231,1
h0,316.465,1022.000238055613,1
h0,297.124,1023.0002419911,1
h0,276.964,1024.000245923853,1
h0,255.652,1025.000236852764,1
h0,232.879,1026.0002407768,1
h0,208.375,1027.000244695065,1
h0,181.986,1028.000235607039,1
h0,154.795,1029.000239516342,1
h0,128.173,1030.000243427538,1
h0,102.077,1031.000234340492,1
h0,76.428,1032.000238254936,1
h0,50.9759,1033.000242170037,1
h0,26.0508,1034.000246086896,1
h0,6.41108,1035.000237021385,1
h0,24.8936,1036.000241083036,1
h0,48.436,1037.000245161565,1
h0,71.8406,1038.000236239634,1
h0,94.8678,1039.000240316445,1
h0,117.788,1040.000244392898,1
h0,140.95,1041.000235470159,1
h0,164.428,1042.000239548474,1
h0,188.558,1043.000243628962,1
h0,213.328,1044.000234711584,1
h0,237.68,1045.000238792817,1
h0,261.478,1046.000242872198,1
h0,284.782,1047.000246949932,1
h0,307.544,1048.000238025855,1
h0,329.823,1049.000242100171,1
h0,351.593,1050.000246172789,1
h0,373.121,1051.000237244598,1
