h0,407.638,1008.000238359734,1
h0,389.102,1009.000242297905,1
h0,368.615,1010.000246229569,1
h0,346.94,1011.000237157268,1
h0,326.692,1012.000241089728,1
h0,307.885,1013.000245026995,1
h0,290.291,1014.000235968306,1
h0,273.657,1015.000239912821,1
h0,257.773,1016.000243859838,1
h0,242.483,1017.000234808835,1
h0,227.652,1018.000238759364,1
h0,213.218,1019.000242711218,1
h0,198.982,1020.000246663731,1
h0,184.91,1021.000237616794,1
h0,170.968,1022.000241570287,1
h0,157.097,1023.000245524019,1
h0,143.311,1024.000236478033,1
h0,129.521,1025.000240432037,1
h0,115.76,1026.000244386134,1
h0,102.068,1027.000235340461,1
h0,88.2387,1028.000239294332,1
h0,74.3072,1029.000243247862,1
h0,60.2817,1030.000234201078,1
h0,46.2707,1031.000238154342,1
h0,32.3071,1032.000242107765,1
h0,18.9643,1033.000246063258,1
h0,9.76978,1034.000237032588,1
h0,15.9647,1035.000241053252,1
h0,28.9823,1036.000245096675,1
h0,42.9742,1037.000236143346,1
h0,57.2306,1038.000240190901,1
h0,71.6036,1039.000244238844,1
h0,87.0168,1040.000235290257,1
h0,104.377,1041.000239348163,1
h0,121.856,1042.000243406469,1
h0,138.373,1043.000234461562,1
h0,154.188,1044.000238514314,1
h0,169.445,1045.000242565207,1
h0,184.526,1046.000246615511,1
h0,200.634,1047.000237669244,1
h0,217.704,1048.000241726183,1
h0,234.193,1049.000245781182,1
h0,250.101,1050.000236834248,1
h0,265.54,1051.000240885746,1
h0,280.559,1052.000244935845,1
h0,295.271,1053.000235984919,1
h0,309.714,1054.000240033095,1
h0,323.944,1055.00024408056,1
h0,338.021,1056.000235127518,1
h0,351.996,1057.000239174132,1
h0,365.93,1058.000243220612,1
