h0,408.769,953.000240363508,1
h0,369.725,954.000244233268,1
h0,328.7,955.000235096426,1
h0,285.544,956.000238952473,1
h0,241.316,957.000242804945,1
h0,197.875,958.00024666004,1
h0,155.054,959.000237517203,1
h0,112.684,960.000241375874,1
h0,70.3489,961.000245234659,1
h0,28.3193,962.000236094463,1
h0,14.2205,963.000240047435,1
h0,55.6708,964.000244185698,1
h0,96.96,965.000235323424,1
h0,138.264,966.000239461199,1
h0,179.558,967.000243598942,1
h0,220.717,968.000234736233,1
h0,261.768,969.000238873164,1
h0,302.698,970.000243009691,1
h0,343.544,971.000247145938,1
