h0,393.068,951.000236311135,1
h0,364.605,952.000240216192,1
h0,335.6,953.000244119441,1
h0,307.221,954.000235024778,1
h0,278.202,955.000238927981,1
h0,249.563,956.000242832454,1
h0,221.19,957.000246737812,1
h0,191.982,958.000237640382,1
h0,161.971,959.000241540277,1
h0,132.207,960.000245440993,1
h0,103.034,961.000236343685,1
h0,74.3124,962.000240247879,1
h0,46.0755,963.000244153691,1
h0,18.6545,964.000235062225,1
h0,12.1127,965.000239040404,1
h0,38.3591,966.000243127952,1
h0,65.488,967.000234218444,1
h0,92.5689,968.000238308776,1
h0,119.497,969.000242398598,1
h0,146.319,970.000246488068,1
h0,172.989,971.000237577029,1
h0,199.576,972.000241665715,1
h0,226.108,973.000245754216,1
h0,252.532,974.000236842356,1
h0,279.033,975.000240930754,1
h0,307.284,976.000245024989,1
h0,336.803,977.000236123453,1
h0,366.658,978.00024022304,1
