h0,397.885,955.0002353272,1
h0,367.404,956.000239225529,1
h0,336.184,957.000243121388,1
h0,304.515,958.000247015751,1
h0,272.65,959.000237909461,1
h0,240.451,960.000241802059,1
h0,207.563,961.000245692354,1
h0,174.466,962.000236581956,1
h0,141.347,963.000240471482,1
h0,108.362,964.000244361458,1
h0,75.462,965.000235251714,1
h0,42.7656,966.000239142651,1
h0,10.5545,967.000243035206,1
h0,22.5605,968.000234075254,1
h0,54.661,969.00023818233,1
h0,86.6989,970.000242289196,1
h0,118.583,971.000246395551,1
h0,150.351,972.000237501515,1
h0,182.013,973.000241607131,1
h0,213.339,974.000245711624,1
h0,243.084,975.000236810842,1
h0,270.867,976.000240903515,1
h0,296.844,977.000244990167,1
h0,321.207,978.000236071432,1
h0,344.174,979.00024014804,1
h0,365.975,980.00024422076,1
