h0,392.473,958.000247309147,1
h0,358.414,959.000238195539,1
h0,325.186,960.000242084703,1
h0,292.632,961.000245976117,1
h0,260.627,962.000236869359,1
h0,229.074,963.000240764107,1
h0,197.072,964.000244657362,1
h0,163.714,965.000235546091,1
h0,129.987,966.00023943359,1
h0,96.8652,967.000243323108,1
h0,64.2679,968.000234214375,1
h0,32.1242,969.000238107155,1
h0,3.20103,970.000242010677,1
h0,31.7265,971.000246105828,1
h0,63.1039,972.000237210492,1
h0,94.3792,973.000241314815,1
h0,125.522,974.000245418695,1
h0,156.583,975.000236522303,1
h0,187.57,976.000240625665,1
h0,218.497,977.000244728827,1
h0,249.406,978.00023583193,1
h0,280.267,979.000239934871,1
h0,311.098,980.000244037711,1
h0,341.904,981.00023514047,1
h0,372.701,982.000239243198,1
