h0,406.834,947.000242357052,1
h0,372.666,948.000246243079,1
h0,339.301,949.000237131785,1
h0,306.695,950.000241023024,1
h0,274.712,951.000244916341,1
h0,243.35,952.000235811728,1
h0,212.56,953.000239709023,1
h0,182.248,954.000243607913,1
h0,152.366,955.000234508239,1
h0,122.897,956.000238409939,1
h0,93.7698,957.000242312782,1
h0,65.0366,958.000246216939,1
h0,36.7354,959.000237122536,1
h0,10.1998,960.000241034023,1
h0,21.4172,961.00024507144,1
h0,50.4957,962.000236168435,1
h0,80.4242,963.000240268266,1
h0,110.334,964.000244368036,1
h0,140.228,965.000235467751,1
h0,170.106,966.000239567414,1
h0,199.948,967.000243666953,1
h0,229.672,968.000234766104,1
h0,259.521,969.00023886567,1
h0,289.37,970.000242965234,1
h0,319.231,971.000247064839,1
h0,349.09,972.00023816444,1
h0,379.035,973.000242264325,1
