h0,391.768,981.000247306798,1
h0,356.657,982.000238189681,1
h0,321.741,983.000242073214,1
h0,287.02,984.000245957394,1
h0,252.549,985.000236842414,1
h0,218.225,986.00024072792,1
h0,184.034,987.00024461387,1
h0,149.932,988.00023550012,1
h0,115.986,989.000239386886,1
h0,82.067,990.000243273746,1
h0,48.265,991.000234160995,1
h0,14.7091,992.000238049064,1
h0,19.6778,993.000242065638,1
h0,53.1804,994.000246177391,1
h0,86.6593,995.000237289064,1
h0,119.75,996.000241399444,1
h0,152.404,997.000245508366,1
h0,184.332,998.000236614866,1
h0,215.396,999.000240718482,1
h0,245.693,1000.000244819544,1
h0,275.389,1001.000235918599,1
h0,305.28,1002.000240018303,1
h0,336.044,1003.000244120923,1
h0,368.032,1004.000235227623,1
