h0,376.47,946.00023825577,1
h0,337.869,947.00024212701,1
h0,300.469,948.000246002257,1
h0,264.121,949.000236881014,1
h0,227.339,950.00024075832,1
h0,189.022,951.000244630511,1
h0,149.423,952.000235498423,1
h0,109.835,953.000239366369,1
h0,70.4427,954.000243234972,1
h0,31.3346,955.000234104521,1
h0,8.46991,956.000238028253,1
h0,46.8363,957.000242156229,1
h0,85.4753,958.000246285115,1
h0,124.002,959.000237413624,1
h0,162.48,960.000241541975,1
h0,201.83,961.000245673232,1
h0,241.906,962.00023680691,1
h0,282.068,963.000240940879,1
h0,321.968,964.00024507397,1
h0,361.612,965.000236206209,1
