h0,389.631,942.00023529967,1
h0,353.79,943.000239180118,1
h0,318.062,944.000243060942,1
h0,282.365,945.00024694187,1
h0,246.762,946.00023782311,1
h0,211.248,947.000241704647,1
h0,175.87,948.000245586641,1
h0,140.883,949.000236469936,1
h0,106.337,950.000240354701,1
h0,72.2702,951.000244241067,1
h0,38.7336,952.000235129201,1
h0,6.34074,953.00023902115,1
h0,27.4525,954.000243091572,1
h0,60.8918,955.000234203113,1
h0,95.062,956.000238317093,1
h0,128.697,957.000242429289,1
h0,161.872,958.000246539946,1
h0,194.585,959.000237649064,1
h0,227.012,960.000241757232,1
h0,259.685,961.000245866215,1
h0,293.999,962.000236980675,1
h0,329.68,963.000241099695,1
h0,364.781,964.000245216778,1
