h0,407.05,954.000244357772,1
h0,372.421,955.000235242261,1
h0,336.107,956.000239121131,1
h0,299.065,957.000242997572,1
h0,262.5,958.000246875607,1
h0,226.294,959.000237754837,1
h0,190.423,960.000241635181,1
h0,154.852,961.000245516529,1
h0,119.645,962.000236399092,1
h0,85.0456,963.000240283681,1
h0,51.1862,964.000244170739,1
h0,18.1112,965.000235060412,1
h0,15.1422,966.000239050509,1
h0,46.8801,967.000243156375,1
h0,78.5138,968.000234261894,1
h0,110.956,969.000238370109,1
h0,143.32,970.000242478063,1
h0,174.743,971.000246582879,1
h0,205.323,972.000237684885,1
h0,235.145,973.000241784358,1
h0,264.278,974.000245881537,1
h0,292.75,975.000236976509,1
h0,320.59,976.000241069372,1
h0,347.881,977.000245160405,1
h0,374.652,978.000236249704,1
