h0,410.486,952.000236369234,1
h0,376.617,953.00024025626,1
h0,342.91,954.000244143824,1
h0,309.325,955.000235031799,1
h0,275.907,956.000238920326,1
h0,242.538,957.000242809019,1
h0,209.209,958.000246697845,1
h0,175.961,959.000237586943,1
h0,142.756,960.000241476181,1
h0,109.606,961.000245365605,1
h0,76.6374,962.000236255635,1
h0,44.3013,963.000240147773,1
h0,13.3562,964.000244044551,1
h0,21.1754,965.000235070633,1
h0,52.1411,966.000239173924,1
h0,83.3302,967.00024327796,1
h0,116.088,968.000234387229,1
h0,150.388,969.00023850164,1
h0,186.385,970.000242621713,1
h0,224.129,971.000246747613,1
h0,262.308,972.000237874964,1
h0,299.855,973.000242000207,1
h0,337.14,974.00024612458,1
h0,374.763,975.000237250074,1
