h0,402.262,957.000243341801,1
h0,374.018,958.000247247589,1
h0,346.048,959.000238154291,1
h0,318.312,960.000242061775,1
h0,289.99,961.000245967304,1
h0,260.315,962.000236868318,1
h0,228.473,963.000240762104,1
h0,193.886,964.000244646734,1
h0,157.283,965.00023552464,1
h0,119.139,966.000239397404,1
h0,79.5016,967.000243265189,1
h0,38.9604,968.000234129958,1
h0,3.64113,969.000238012145,1
h0,42.3152,970.000242141148,1
h0,83.3633,971.00024627807,1
h0,126.01,972.000237420323,1
h0,169.543,973.000241565535,1
h0,213.359,974.000245711688,1
h0,257.227,975.000236858017,1
h0,300.657,976.000241002884,1
h0,343.899,977.000245147125,1
