h0,388.433,952.000236295673,1
h0,355.07,953.000240184386,1
h0,322.361,954.00024407528,1
h0,290.282,955.000234968278,1
h0,258.722,956.000238863004,1
h0,227.757,957.000242759716,1
h0,197.259,958.000246657984,1
h0,167.279,959.000237557982,1
h0,137.693,960.000241459293,1
h0,108.466,961.000245361805,1
h0,79.6029,962.000236265527,1
h0,51.0749,963.000240170368,1
h0,22.8597,964.000244076252,1
h0,6.38043,965.000235021283,1
h0,33.5911,966.000239112048,1
h0,61.2737,967.000243204387,1
h0,88.8505,968.000234296373,1
h0,116.274,969.000238387849,1
h0,143.636,970.000242479118,1
h0,171.005,971.00024657041,1
h0,199.216,972.000237664512,1
h0,229.287,973.000241764819,1
h0,259.965,974.000245867149,1
h0,290.216,975.000236968056,1
h0,320.028,976.000241067499,1
h0,349.48,977.000245165739,1
h0,378.555,978.000236262723,1
