h0,414.552,952.000236382796,1
h0,386.238,953.000240288352,1
h0,357.986,954.000244194114,1
h0,329.793,955.00023510007,1
h0,301.667,956.000239006252,1
h0,273.558,957.00024291249,1
h0,245.456,958.000246818753,1
h0,217.375,959.000237725085,1
h0,189.324,960.000241631517,1
h0,161.51,961.000245538741,1
h0,134.874,962.000236449891,1
h0,109.415,963.000240364969,1
h0,85.0195,964.000244283594,1
h0,61.632,965.000235205582,1
h0,39.1918,966.00023913073,1
h0,18.0005,967.000243060043,1
h0,7.71024,968.000234025719,1
h0,25.6509,969.000238085562,1
h0,45.2691,970.000242151001,1
h0,64.7076,971.000246215841,1
h0,83.8823,972.000237279801,1
h0,102.738,973.000241342698,1
h0,121.386,974.000245404899,1
h0,139.819,975.000236466386,1
h0,158.109,976.000240527395,1
h0,176.276,977.000244587993,1
h0,194.334,978.000235648229,1
h0,212.31,979.000239708191,1
h0,230.17,980.000243767765,1
h0,248.499,981.000234828903,1
h0,267.695,982.000238892933,1
h0,288.199,983.000242961328,1
h0,309.989,984.000247034012,1
h0,333.048,985.000238110929,1
h0,355.396,986.000242185472,1
h0,376.833,987.000246256981,1
