h0,388.751,948.000246296733,1
h0,349.93,949.00023716724,1
h0,311.613,950.00024103943,1
h0,273.817,951.000244913356,1
h0,236.387,952.000235788502,1
h0,199.316,953.000239664848,1
h0,162.56,954.000243542241,1
h0,126.093,955.000234420603,1
h0,89.9085,956.000238299902,1
h0,53.9848,957.000242180074,1
h0,18.4153,958.000246061427,1
h0,17.7431,959.000237059185,1
h0,52.9868,960.000241176745,1
h0,88.266,961.000245294424,1
h0,123.493,962.00023641193,1
h0,158.649,963.000240529197,1
h0,194.302,964.000244648121,1
h0,230.72,965.0002357696,1
h0,268.075,966.000239894203,1
h0,305.755,967.000244019888,1
h0,343.402,968.000235145465,1
