h0,389.405,956.000238298914,1
h0,350.078,957.000242167735,1
h0,311.18,958.000246037985,1
h0,272.064,959.000236907507,1
h0,231.612,960.000240772573,1
h0,190.033,961.000244633881,1
h0,148.412,962.000235495048,1
h0,106.776,963.000239356165,1
h0,64.1968,964.000243214137,1
h0,19.8371,965.000234066169,1
h0,27.174,966.000238090643,1
h0,75.5659,967.000242252061,1
h0,124.476,968.000246415207,1
h0,173.305,969.000237578082,1
h0,221.96,970.000241740378,1
h0,270.564,971.000245902504,1
h0,319.23,972.000237064836,1
h0,367.853,973.000241227025,1
