h0,410.305,968.00023536863,1
h0,385.304,969.000239285235,1
h0,360.19,970.000243201466,1
h0,335.057,971.000247117631,1
h0,309.862,972.000238033588,1
h0,284.636,973.000241949442,1
h0,259.443,974.00024586541,1
h0,234.168,975.000236781101,1
h0,208.843,976.000240696625,1
h0,183.565,977.000244612308,1
h0,158.27,978.000235527931,1
h0,133.001,979.000239443642,1
h0,107.699,980.000243359246,1
h0,82.434,981.00023427497,1
h0,57.1356,982.000238190584,1
h0,31.7484,983.000242105901,1
h0,5.67911,984.000246018943,1
h0,25.3925,985.0002370847,1
h0,58.5936,986.000241195447,1
h0,94.4962,987.000245315205,1
h0,131.713,988.000236439348,1
h0,170.158,989.000240567586,1
h0,208.677,990.00024469607,1
h0,246.798,991.00023582323,1
h0,283.134,992.000239944434,1
h0,317.477,993.000244058988,1
h0,349.988,994.000235167435,1
