h0,394.268,943.000239315138,1
h0,359.98,944.000243200766,1
h0,326.171,945.00024708799,1
h0,292.661,946.000237976212,1
h0,259.384,947.000241865212,1
h0,226.348,948.000245755014,1
h0,193.467,949.000236645338,1
h0,160.7,950.000240536038,1
h0,128.095,951.00024442728,1
h0,95.5118,952.000235318593,1
h0,62.9604,953.000239210013,1
h0,30.4815,954.000243101675,1
h0,3.87959,955.000234012941,1
h0,34.8631,956.000238116291,1
h0,67.3453,957.00024222464,1
h0,99.8209,958.000246332967,1
h0,132.463,959.000237441848,1
h0,166.681,960.000241555988,1
h0,202.917,961.000245676859,1
h0,240.803,962.000236803232,1
h0,279.122,963.00024093105,1
h0,317.882,964.000245060342,1
h0,355.669,965.000236186384,1
