h0,388.09,953.000240294527,1
h0,354.538,954.000244182612,1
h0,321.034,955.000235070853,1
h0,287.488,956.000238958956,1
h0,253.929,957.000242847014,1
h0,220.432,958.000246735281,1
h0,186.93,959.000237623532,1
h0,153.429,960.000241511784,1
h0,119.882,961.000245399884,1
h0,86.372,962.000236288106,1
h0,52.8871,963.000240176412,1
h0,19.6779,964.000244065639,1
h0,13.2316,965.000235044136,1
h0,43.8834,966.000239146379,1
h0,73.7577,967.000243246029,1
h0,103.033,968.00023434368,1
h0,132.075,969.000238440556,1
h0,161.193,970.000242537682,1
h0,191.602,971.000246639117,1
h0,222.555,972.000237742363,1
h0,252.433,973.000241842025,1
h0,281.476,974.000245938903,1
h0,309.776,975.000237033303,1
h0,338.503,976.000241129125,1
h0,365.824,977.000245220258,1
