h0,411.796,974.000246373605,1
h0,389.716,975.000237299953,1
h0,367.674,976.000241226427,1
h0,345.654,977.000245152977,1
h0,323.763,978.000236079959,1
h0,301.939,979.00024000716,1
h0,279.993,980.000243933955,1
h0,258.102,981.000234860935,1
h0,236.235,982.000238787997,1
h0,214.372,983.000242715067,1
h0,192.611,984.00024664248,1
h0,170.864,985.000237569942,1
h0,149.202,986.000241497686,1
h0,127.634,987.000245425741,1
h0,106.122,988.000236353984,1
h0,84.6509,989.000240282365,1
h0,63.2134,990.000244210857,1
h0,41.9019,991.00023513977,1
h0,20.9597,992.000239069914,1
h0,6.56071,993.000243021884,1
h0,23.6958,994.000234079041,1
h0,44.6344,995.000238148884,1
h0,65.8282,996.000242219579,1
h0,87.1468,997.00024629069,1
h0,109.383,998.000237364862,1
h0,133.322,999.000241444714,1
h0,158.713,1000.000245529411,1
h0,183.412,1001.000236611796,1
h0,206.795,1002.000240689793,1
h0,229.033,1003.000244763971,1
h0,250.201,1004.000235834581,1
h0,270.449,1005.00023990212,1
h0,289.779,1006.000243966599,1
h0,308.373,1007.000235028621,1
h0,326.304,1008.000239088433,1
h0,343.735,1009.000243146577,1
h0,360.793,1010.000247203476,1
