h0,390.63,947.000242303,1
h0,352.253,948.000246174989,1
h0,314.665,949.00023704961,1
h0,277.72,950.000240926375,1
h0,241.424,951.000244805303,1
h0,205.663,952.000235686018,1
h0,170.309,953.00023956809,1
h0,135.335,954.00024345143,1
h0,100.711,955.000234335937,1
h0,66.327,956.000238221243,1
h0,32.2447,957.000242107557,1
h0,3.72491,958.000246012425,1
h0,35.8661,959.000237119636,1
h0,69.4528,960.00024123167,1
h0,103.414,961.000245344952,1
h0,139.067,962.000236463877,1
h0,176.256,963.000240587926,1
h0,213.814,964.000244713206,1
h0,252.362,965.000235841789,1
h0,292.149,966.000239974505,1
h0,333.351,967.000244111939,1
h0,376.135,968.000235254652,1
