h0,10.9777,903.000291036618,1
h0,16.1434,904.000243053849,1
h0,21.1491,905.000234070546,1
h0,25.8866,906.000238086348,1
h0,30.6875,907.000242102363,1
h0,35.5455,908.000246118567,1
h0,40.0823,909.0002371337,1
h0,42.8291,910.000241142862,1
h0,44.4025,911.000245148111,1
h0,43.2696,912.000236144332,1
h0,40.7875,913.000240136052,1
h0,37.4431,914.000244124897,1
h0,33.7785,915.000235112673,1
h0,30.5001,916.000239101738,1
h0,27.5042,917.000243091744,1
h0,24.8073,918.000234082748,1
h0,22.5032,919.000238075063,1
h0,20.5727,920.000242068623,1
h0,18.9764,921.000246063299,1
h0,17.7033,922.000237059052,1
h0,16.7401,923.000241055839,1
h0,16.0201,924.000245053437,1
h0,15.4701,925.000236051603,1
h0,15.1025,926.000240050376,1
h0,14.7819,927.000244049307,1
h0,14.5679,928.000235048593,1
h0,14.4202,929.000239048101,1
h0,14.3249,930.000243047783,1
h0,14.2732,931.00023404761,1
h0,14.2094,932.000238047397,1
h0,14.166,933.000242047253,1
h0,14.1486,934.000246047195,1
h0,14.1344,935.000237047147,1
h0,14.1369,936.000241047156,1
h0,14.1567,937.000245047222,1
h0,14.1409,938.000236047169,1
h0,14.131,939.000240047136,1
h0,14.1051,940.00024404705,1
h0,14.1007,941.000235047035,1
h0,14.0913,942.000239047003,1
h0,14.0862,943.000243046986,1
h0,14.0897,944.000234046998,1
h0,14.081,945.000238046969,1
h0,14.0974,946.000242047024,1
h0,14.0765,947.000246046954,1
h0,14.0874,948.000237046991,1
h0,14.096,949.000241047019,1
h0,14.0921,950.000245047006,1
h0,14.0951,951.000236047016,1
h0,14.0946,952.000240047015,1
h0,14.432,953.00024404814,1
h0,14.373,954.000235047943,1
h0,14.6774,955.000239048959,1
h0,17.5355,956.000243058492,1
h0,23.1224,957.000234077128,1
h0,31.1088,958.000238103768,1
h0,41.5018,959.000242138435,1
h0,53.9949,960.000246180107,1
h0,68.1808,961.000237227427,1
h0,82.2312,962.000241274294,1
h0,95.4676,963.000245318446,1
h0,106.506,964.000236355265,1
h0,115.542,965.000240385407,1
h0,123.718,966.00024441268,1
h0,131.224,967.000235437717,1
h0,138.262,968.000239461191,1
h0,144.907,969.000243483359,1
h0,151.238,970.000234504476,1
h0,157.359,971.000238524894,1
h0,163.283,972.000242544654,1
h0,169.363,973.000246564933,1
h0,175.708,974.000237586099,1
h0,180.811,975.000241603121,1
h0,184.073,976.000245614,1
h0,185.383,977.00023661837,1
h0,184.668,978.000240615987,1
h0,182.05,979.000244607252,1
h0,178.032,980.000235593852,1
h0,172.955,981.000239576914,1
h0,166.891,982.000243556689,1
h0,161.706,983.000234539394,1
h0,157.463,984.000238525241,1
h0,153.249,985.000242511184,1
h0,148.426,986.000246495095,1
h0,142.999,987.000237476993,1
h0,138.073,988.000241460562,1
h0,132.001,989.000245440309,1
h0,125.593,990.000236418934,1
h0,119.461,991.000240398478,1
h0,113.69,992.000244379229,1
h0,108.117,993.00023536064,1
h0,102.772,994.00023934281,1
h0,96.4298,995.000243321655,1
h0,90.3939,996.000234301522,1
h0,85.6578,997.000238285724,1
h0,82.2233,998.000242274267,1
h0,79.9738,999.000246266764,1
h0,78.8365,1000.00023726297,1
h0,78.7488,1001.000241262678,1
h0,79.8177,1002.000245266243,1
h0,80.1936,1003.000236267497,1
h0,78.3217,1004.000240261253,1
h0,76.1678,1005.000244254069,1
h0,74.0871,1006.000235247128,1
h0,72.0403,1007.0002392403,1
h0,70.0961,1008.000243233815,1
h0,66.1657,1009.000234220705,1
h0,61.2235,1010.00023820422,1
h0,57.1542,1011.000242190646,1
h0,53.91,1012.000246179824,1
h0,51.3111,1013.000237171155,1
h0,49.2275,1014.000241164205,1
h0,47.5796,1015.000245158708,1
h0,46.2103,1016.000236154141,1
h0,45.1037,1017.00024015045,1
h0,44.1997,1018.000244147434,1
h0,43.3604,1019.000235144635,1
h0,42.6878,1020.000239142391,1
h0,42.0851,1021.000243140381,1
h0,41.545,1022.000234138579,1
h0,41.0324,1023.000238136869,1
h0,40.6319,1024.000242135534,1
h0,40.1799,1025.000246134026,1
h0,39.6802,1026.000237132359,1
h0,39.2383,1027.000241130885,1
h0,38.7732,1028.000245129333,1
h0,38.3295,1029.000236127853,1
h0,37.8922,1030.000240126395,1
h0,37.4601,1031.000244124954,1
h0,36.9436,1032.000235123231,1
h0,36.3439,1033.00023912123,1
h0,35.6889,1034.000243119045,1
h0,34.8828,1035.000234116356,1
h0,33.8923,1036.000238113053,1
h0,32.7211,1037.000242109146,1
h0,31.2957,1038.000246104391,1
h0,29.6116,1039.000237098774,1
h0,27.6636,1040.000241092276,1
h0,25.3116,1041.00024508443,1
h0,22.6358,1042.000236075505,1
h0,19.6013,1043.000240065383,1
h0,16.1829,1044.00024405398,1
h0,12.4544,1045.000235041543,1
h0,8.43332,1046.000239028131,1
h0,4.5513,1047.000243015182,1
h0,3.63583,1048.000234012128,1
h0,7.89873,1049.000238026347,1
h0,13.6951,1050.000242045682,1
h0,20.1899,1051.000246067346,1
h0,27.2251,1052.000237090813,1
h0,35.0323,1053.000241116855,1
h0,43.7696,1054.000245146,1
h0,53.6653,1055.000236179008,1
h0,64.8121,1056.00024021619,1
h0,77.0936,1057.000244257157,1
h0,89.8452,1058.000235299691,1
h0,102.993,1059.000239343547,1
h0,117.007,1060.000243390292,1
h0,132.599,1061.000234442303,1
h0,149.813,1062.000238499722,1
h0,168.712,1063.000242562763,1
