h0,383.003,952.00023627756,1
h0,340.155,953.000240134636,1
h0,297.478,954.00024399228,1
h0,255.302,955.000234851595,1
h0,214.779,956.000238716425,1
h0,175.629,957.000242585834,1
h0,137.797,958.000246459641,1
h0,101.139,959.000237337364,1
h0,65.6049,960.000241218834,1
h0,31.024,961.000245103485,1
h0,4.39601,962.000236014664,1
h0,36.3485,963.000240121246,1
h0,68.9657,964.000244230045,1
h0,101.124,965.000235337314,1
h0,132.919,966.000239443369,1
h0,164.389,967.000243548342,1
h0,195.545,968.00023465227,1
h0,226.418,969.00023875525,1
h0,257.939,970.000242860393,1
h0,290.575,971.000246969254,1
h0,324.605,972.000238082767,1
h0,360.09,973.00024220113,1
