h0,396.326,953.000240322,1
h0,367.423,954.000244225592,1
h0,336.464,955.000235122322,1
h0,304.977,956.000239017295,1
h0,274.256,957.00024291482,1
h0,243.898,958.000246813557,1
h0,213.101,959.000237710827,1
h0,181.994,960.000241607068,1
h0,150.522,961.000245502088,1
h0,118.865,962.000236396491,1
h0,87.1348,963.00024029065,1
h0,55.335,964.000244184578,1
h0,23.5689,965.000235078617,1
h0,9.09838,966.000239030349,1
h0,40.5918,967.0002431354,1
h0,72.4674,968.000234241725,1
h0,104.354,969.000238348088,1
h0,136.174,970.000242454226,1
h0,167.794,971.000246559701,1
h0,198.136,972.000237660909,1
h0,227.235,973.000241757974,1
h0,255.273,974.0002458515,1
h0,282.308,975.000236941678,1
h0,309.484,976.000241032329,1
h0,338.219,977.000245128178,1
h0,368.801,978.000236230187,1
