h0,389.146,948.000246298053,1
h0,358.03,949.000237194258,1
h0,326.923,950.000241090497,1
h0,295.836,951.000244986804,1
h0,264.75,952.000235883112,1
h0,233.768,953.000239779767,1
h0,202.701,954.000243676137,1
h0,171.714,955.000234572777,1
h0,140.679,956.000238469254,1
h0,109.657,957.000242365775,1
h0,78.6258,958.000246262268,1
h0,47.5729,959.000237158686,1
h0,16.721,960.000241055775,1
h0,14.9843,961.000245049982,1
h0,45.8922,962.00023615308,1
h0,77.0137,963.00024025689,1
h0,108.286,964.000244361203,1
h0,139.576,965.000235465576,1
h0,170.992,966.000239570368,1
h0,202.48,967.000243675401,1
h0,234.081,968.000234780811,1
h0,265.708,969.000238886305,1
h0,297.389,970.000242991984,1
h0,329.042,971.000247097567,1
h0,360.815,972.000238203549,1
