h0,396.055,970.000243321096,1
h0,377.201,971.000247258208,1
h0,358.717,972.00023819655,1
h0,340.574,973.000242136034,1
h0,322.741,974.000246076548,1
h0,305.143,975.000237017848,1
h0,287.743,976.000240959809,1
h0,270.499,977.000244902287,1
h0,253.001,978.00023584392,1
h0,234.246,979.000239781359,1
h0,214.01,980.000243713861,1
h0,192.569,981.000234642342,1
h0,170.866,982.000238569948,1
h0,148.981,983.000242496947,1
h0,126.922,984.000246423365,1
h0,104.742,985.000237349381,1
h0,82.4899,986.000241275157,1
h0,59.4413,987.000245198275,1
h0,34.7114,988.000236115785,1
h0,9.65676,989.000240032211,1
h0,22.5057,990.000244075071,1
h0,52.4175,991.000235174846,1
h0,82.9362,992.000239276645,1
h0,113.493,993.000243378571,1
h0,143.438,994.000234478457,1
h0,172.265,995.000238574613,1
h0,199.892,996.000242666768,1
h0,226.694,997.000246756169,1
h0,252.625,998.000237842665,1
h0,277.801,999.000241926645,1
h0,302.255,1000.000246008215,1
h0,326.104,1001.000237087767,1
h0,349.461,1002.000241165675,1
h0,372.341,1003.000245241995,1
