h0,405.913,946.00023835398,1
h0,379.799,947.000242266873,1
h0,353.722,948.00024617989,1
h0,327.708,949.000237093116,1
h0,301.714,950.000241006409,1
h0,275.739,951.000244919765,1
h0,249.497,952.000235832232,1
h0,221.591,953.000239739147,1
h0,191.739,954.000243639573,1
h0,160.072,955.000234533944,1
h0,124.985,956.000238416907,1
h0,86.2281,957.000242287626,1
h0,43.8232,958.000246146178,1
h0,4.1178,959.000237013736,1
h0,51.7812,960.000241172724,1
h0,102.701,961.000245342574,1
h0,155.607,962.000236519049,1
h0,209.175,963.000240697734,1
h0,262.555,964.00024487579,1
h0,314.493,965.000236049034,1
h0,364.628,966.000240216267,1
