h0,397.027,957.000243324338,1
h0,370.63,958.000247236288,1
h0,344.46,959.000238148994,1
h0,318.447,960.000242062225,1
h0,292.595,961.000245975992,1
h0,266.855,962.000236890132,1
h0,241.173,963.000240804465,1
h0,215.539,964.000244718961,1
h0,189.949,965.000235633602,1
h0,164.407,966.000239548402,1
h0,138.929,967.000243463418,1
h0,113.47,968.000234378494,1
h0,88.0322,969.000238293644,1
h0,62.6058,970.000242208831,1
h0,37.2299,971.000246124186,1
h0,12.7638,972.000237042575,1
h0,17.7355,973.000241059159,1
h0,44.682,974.000245149043,1
h0,70.9728,975.00023623674,1
h0,95.3752,976.000240318138,1
h0,118.086,977.000244393894,1
h0,139.497,978.000235465311,1
h0,159.792,979.000239533009,1
h0,179.286,980.000243598034,1
h0,199.377,981.000234665051,1
h0,220.714,982.000238736224,1
h0,243.321,983.000242811632,1
h0,265.774,984.000246886525,1
h0,288.012,985.000237960704,1
h0,310.011,986.000242034084,1
h0,333.113,987.000246111144,1
h0,357.993,988.000237194136,1
