h0,408.007,945.000247360965,1
h0,365.45,946.000238219009,1
h0,321.85,947.000242073575,1
h0,277.282,948.000245924914,1
h0,233.035,949.000236777323,1
h0,189.374,950.000240631685,1
h0,146.25,951.000244487837,1
h0,104.675,952.000235349158,1
h0,65.0148,953.000239216866,1
h0,27.1143,954.000243090444,1
h0,10.0213,955.000234033428,1
h0,44.5339,956.000238148549,1
h0,78.0192,957.000242260244,1
h0,110.241,958.000246367724,1
h0,141.273,959.000237471237,1
h0,171.439,960.000241571859,1
h0,202.039,961.00024567393,1
h0,235.074,962.000236784122,1
h0,271.156,963.000240904478,1
h0,308.783,964.000245029989,1
h0,346.245,965.000236154948,1
