h0,408.907,972.000238363967,1
h0,385.929,973.000242287319,1
h0,363.511,974.000246212541,1
h0,341.626,975.000237139543,1
h0,320.086,976.000241067691,1
h0,298.645,977.000244996173,1
h0,277.19,978.000235924607,1
h0,255.386,979.000239851877,1
h0,233.008,980.00024377723,1
h0,209.986,981.000234700437,1
h0,186.763,982.000238622976,1
h0,163.391,983.000242545012,1
h0,139.89,984.000246466624,1
h0,116.264,985.000237387815,1
h0,92.5653,986.000241308765,1
h0,68.7739,987.000245229405,1
h0,45.0141,988.000236150151,1
h0,21.544,989.000240071863,1
h0,7.2961,990.000244024337,1
h0,28.5085,991.000235095094,1
h0,52.9843,992.000239176737,1
h0,77.9848,993.000243260129,1
h0,103.205,994.000234344253,1
h0,128.537,995.000238428755,1
h0,153.924,996.000242513434,1
h0,179.433,997.000246598522,1
h0,205.358,998.000237685001,1
h0,231.573,999.000241772446,1
h0,257.847,1000.000245860087,1
h0,284.088,1001.000236947614,1
h0,310.214,1002.000241034763,1
h0,336.331,1003.00024512188,1
h0,362.319,1004.000236208567,1
