h0,116.806,902.000291389621,1
h0,127.965,903.000243426844,1
h0,137.976,904.000234460238,1
h0,147.549,905.000238492169,1
h0,154.828,906.00024251645,1
h0,159.668,907.000246532595,1
h0,162.208,908.000237541067,1
h0,162.481,909.000241541979,1
h0,161.592,910.000245539014,1
h0,161.318,911.0002365381,1
h0,161.539,912.000240538838,1
h0,162.302,913.00024454138,1
h0,164.18,914.000235547644,1
h0,167.409,915.000239558417,1
h0,172.075,916.000243573982,1
h0,177.658,917.000234592603,1
h0,183.626,918.00023861251,1
h0,189.867,919.000242633327,1
h0,196.329,920.000246654883,1
h0,202.985,921.000237677085,1
h0,209.77,922.000241699719,1
h0,216.694,923.000245722815,1
h0,223.691,924.000236746151,1
h0,230.747,925.000240769689,1
h0,237.731,926.000244792987,1
h0,244.835,927.000235816683,1
h0,251.998,928.000239840574,1
h0,259.214,929.000243864644,1
h0,266.47,930.000234888848,1
h0,273.714,931.00023891301,1
h0,280.989,932.00024293728,1
h0,288.284,933.000246961612,1
h0,295.583,934.000237985959,1
h0,302.869,935.000242010262,1
h0,310.154,936.000246034562,1
h0,317.472,937.000237058974,1
h0,324.768,938.000241083308,1
h0,332.111,939.000245107804,1
h0,339.409,940.000236132146,1
h0,346.948,941.000240157294,1
h0,354.911,942.000244183857,1
h0,363.221,943.000235211576,1
h0,371.959,944.000239240722,1
h0,381.049,945.000243271042,1
h0,390.489,946.00024730253,1
