h0,410.385,970.000243368897,1
h0,397.408,971.000247325611,1
h0,384.748,972.000238283381,1
h0,372.416,973.000242242246,1
h0,360.224,974.000246201577,1
h0,348.113,975.000237161179,1
h0,336.093,976.000241121085,1
h0,324.108,977.000245081107,1
h0,312.149,978.000236041216,1
h0,300.206,979.000240001379,1
h0,288.257,980.000243961522,1
h0,276.342,981.000234921778,1
h0,264.445,982.000238882093,1
h0,252.567,983.000242842473,1
h0,240.676,984.000246802809,1
h0,228.786,985.000237763147,1
h0,216.949,986.000241723666,1
h0,205.031,987.00024568391,1
h0,193.159,988.000236644308,1
h0,181.279,989.000240604683,1
h0,169.403,990.000244565066,1
h0,157.585,991.000235525647,1
h0,145.73,992.000239486103,1
h0,133.873,993.000243446552,1
h0,122.049,994.000234407111,1
h0,110.246,995.000238367742,1
h0,98.4442,996.000242328374,1
h0,86.2909,997.000246287836,1
h0,73.2899,998.000237244469,1
h0,58.2319,999.000241194241,1
h0,41.3011,1000.000245137766,1
h0,22.6503,1001.000236075553,1
h0,6.43324,1002.000240021459,1
h0,22.8478,1003.000244076212,1
h0,44.4763,1004.000235148357,1
h0,65.9616,1005.000239220024,1
h0,87.0751,1006.000243290451,1
h0,107.848,1007.000234359742,1
h0,128.374,1008.00023842821,1
h0,148.68,1009.000242495942,1
h0,168.991,1010.000246563694,1
h0,189.441,1011.000237631909,1
h0,209.894,1012.000241700132,1
h0,230.446,1013.000245768685,1
h0,250.983,1014.000236837188,1
h0,271.531,1015.000240905731,1
h0,292.041,1016.000244974144,1
h0,312.659,1017.000236042919,1
h0,333.308,1018.000240111797,1
h0,353.948,1019.000244180644,1
h0,374.601,1020.000235249535,1
