h0,398.231,987.000246328356,1
h0,372.497,988.000237242517,1
h0,346.626,989.000241156218,1
h0,320.585,990.000245069358,1
h0,294.547,991.000235982505,1
h0,268.35,992.000239895118,1
h0,242.066,993.000243807446,1
h0,215.75,994.000234719664,1
h0,189.347,995.000238631593,1
h0,162.892,996.00024254335,1
h0,136.151,997.000246454152,1
h0,108.237,998.000237361041,1
h0,79.6568,999.000241265706,1
h0,50.9065,1000.000245169806,1
h0,22.2994,1001.000236074383,1
h0,8.4576,1002.000240028212,1
h0,39.738,1003.000244132552,1
h0,71.4852,1004.000235238449,1
h0,102.482,1005.000239341843,1
h0,132.81,1006.000243443007,1
h0,162.431,1007.000234541812,1
h0,191.152,1008.000238637616,1
h0,218.857,1009.000242730028,1
h0,245.861,1010.000246820103,1
h0,272.126,1011.000237907713,1
h0,297.635,1012.000241992803,1
h0,322.562,1013.000246075951,1
h0,347.024,1014.000237157548,1
h0,370.721,1015.000241236591,1
