h0,400.442,949.000237335732,1
h0,357.951,950.000241193997,1
h0,315.871,951.000245053633,1
h0,274.257,952.000235914822,1
h0,233.067,953.000239777429,1
h0,192.245,954.000243641261,1
h0,151.46,955.000234505215,1
h0,108.427,956.000238361674,1
h0,62.4675,957.000242208369,1
h0,15.6051,958.000246052053,1
h0,34.5945,959.000237115395,1
h0,82.3792,960.000241274787,1
h0,130.482,961.000245435242,1
h0,178.651,962.000236595917,1
h0,225.628,963.000240752615,1
h0,270.841,964.00024490343,1
h0,314.242,965.000236048197,1
h0,356.114,966.000240187867,1
