h0,386.319,936.000237288622,1
h0,348.934,937.000241163918,1
h0,311.545,938.000245039202,1
h0,274.227,939.000235914723,1
h0,236.906,940.000239790233,1
h0,199.604,941.000243665806,1
h0,162.374,942.000234541621,1
h0,125.118,943.00023841735,1
h0,87.9379,944.000242293329,1
h0,49.8159,945.000246166168,1
h0,10.3712,946.000237034595,1
h0,32.0157,947.000241106793,1
h0,75.3746,948.000245251423,1
h0,120.221,949.000236401014,1
h0,164.803,950.000240549723,1
h0,208.611,951.000244695852,1
h0,251.681,952.000235839518,1
h0,294.122,953.000239981087,1
h0,336.027,954.000244120864,1
h0,377.455,955.000235259054,1
