h0,415.445,947.000242385774,1
h0,382.943,948.000246277361,1
h0,350.399,949.000237168804,1
h0,317.814,950.000241060114,1
h0,285.174,951.000244951237,1
h0,252.544,952.000235842397,1
h0,219.911,953.000239733544,1
h0,187.223,954.00024362451,1
h0,154.608,955.000234515716,1
h0,121.924,956.000238406694,1
h0,89.2565,957.000242297728,1
h0,56.6024,958.000246188805,1
h0,24.0532,959.000237080233,1
h0,9.45901,960.000241031552,1
h0,41.129,961.000245137192,1
h0,71.9663,962.000236240054,1
h0,103.469,963.000240345134,1
h0,134.26,964.000244447842,1
h0,163.726,965.000235546132,1
h0,192.067,966.000239640665,1
h0,219.846,967.000243733328,1
h0,248.047,968.000234827397,1
h0,275.027,969.000238917393,1
h0,301.002,970.000243004035,1
h0,326.277,971.000247088344,1
h0,350.919,972.000238170539,1
h0,375.177,973.000242251457,1
