h0,398.213,960.000242328295,1
h0,366.672,961.000246223085,1
h0,335.033,962.000237117551,1
h0,303.275,963.000241011615,1
h0,271.45,964.00024490546,1
h0,239.666,965.00023579944,1
h0,207.867,966.000239693369,1
h0,175.82,967.000243586471,1
h0,142.79,968.000234476298,1
h0,108.326,969.000238361337,1
h0,72.4664,970.000242241722,1
h0,36.796,971.000246122738,1
h0,3.50313,972.000237011685,1
h0,33.5782,973.000241112005,1
h0,67.7585,974.000245226018,1
h0,100.539,975.000236335362,1
h0,131.806,976.000240439656,1
h0,161.631,977.000244539144,1
h0,190.17,978.000235634339,1
h0,217.474,979.000239725417,1
h0,243.699,980.000243812892,1
h0,269.221,981.000234898026,1
h0,296.354,982.00023898853,1
h0,325.343,983.000243085228,1
h0,352.843,984.000247176958,1
h0,378.08,985.000238261138,1
