h0,378.516,958.000247262593,1
h0,336.662,959.000238122983,1
h0,296.386,960.000241988637,1
h0,257.46,961.000245858793,1
h0,219.792,962.000236733148,1
h0,183.32,963.000240611489,1
h0,146.963,964.000244490216,1
h0,109.956,965.000235366774,1
h0,72.1467,966.000239240656,1
h0,34.4992,967.000243115077,1
h0,4.41426,968.000234014724,1
h0,40.3,969.000238134426,1
h0,77.2733,970.000242257756,1
h0,114.949,971.000246383429,1
h0,152.272,972.000237507923,1
h0,188.296,973.000241628089,1
h0,223.018,974.000245743907,1
h0,256.747,975.000236856417,1
h0,289.68,976.000240966269,1
h0,321.947,977.000245073898,1
h0,353.738,978.000236179944,1
