h0,402.283,939.000236341873,1
h0,363.355,940.000240212022,1
h0,325.09,941.000244084382,1
h0,287.59,942.000234959298,1
h0,250.679,943.000238836175,1
h0,214.257,944.000242714684,1
h0,178.234,945.000246594523,1
h0,142.471,946.000237475231,1
h0,107.026,947.000241357002,1
h0,71.7842,948.000245239446,1
h0,36.8496,949.000236122917,1
h0,3.66036,950.00024001221,1
h0,33.2996,951.000244111076,1
h0,69.1321,952.0002352306,1
h0,106.454,953.000239355093,1
h0,145.238,954.000243484463,1
h0,185.432,955.000234618536,1
h0,226.445,956.000238755339,1
h0,267.579,957.000242892547,1
h0,308.852,958.000247030221,1
h0,350.24,959.000238168273,1
