h0,401.851,961.000246340432,1
h0,375.646,962.000237253019,1
h0,349.64,963.000241166273,1
h0,323.788,964.000245080041,1
h0,298.076,965.000235994275,1
h0,272.486,966.000239908916,1
h0,247.033,967.000243824013,1
h0,221.658,968.000234739373,1
h0,196.367,969.000238655011,1
h0,171.104,970.000242570741,1
h0,145.863,971.000246486545,1
h0,120.718,972.000237402673,1
h0,95.6478,973.000241319047,1
h0,70.633,974.000245235606,1
h0,46.5579,975.0002361553,1
h0,23.892,976.000240079695,1
h0,6.47205,977.000244021588,1
h0,21.1852,978.000235070666,1
h0,40.9788,979.000239136691,1
h0,60.3799,980.000243201406,1
h0,79.2391,981.000234264313,1
h0,98.4067,982.000238328249,1
h0,118.253,983.000242394449,1
h0,137.782,984.000246459592,1
h0,156.73,985.000237522794,1
h0,175.145,986.000241584222,1
h0,193.41,987.000245645147,1
h0,212.822,988.000236709899,1
h0,232,989.000240773869,1
h0,250.616,990.000244835966,1
h0,268.703,991.000235896296,1
h0,286.363,992.000239955206,1
h0,303.581,993.000244012637,1
h0,320.417,994.000235068797,1
h0,337.014,995.000239124157,1
h0,353.318,996.00024317854,1
h0,369.431,997.00024723229,1
