h0,392.103,949.000237307914,1
h0,358.501,950.000241195829,1
h0,323.498,951.000245079075,1
h0,286.884,952.000235956944,1
h0,248.799,953.000239829906,1
h0,209.537,954.000243698941,1
h0,170.256,955.000234567913,1
h0,130.993,956.000238436944,1
h0,91.7359,957.000242305998,1
h0,52.5197,958.000246175187,1
h0,13.5702,959.000237045265,1
h0,26.2428,960.000241087537,1
h0,66.5524,961.000245221995,1
h0,109.006,962.000236363605,1
h0,152.728,963.000240509446,1
h0,195.49,964.000244652085,1
h0,237.212,965.000235791254,1
h0,278.053,966.000239927485,1
h0,318.107,967.00024406109,1
h0,357.532,968.000235192599,1
