h0,116.692,911.000240389242,1
h0,135.551,912.00024445215,1
h0,152.375,913.00023550827,1
h0,166.582,914.000239555657,1
h0,180.562,915.00024360229,1
h0,194.171,916.000234647684,1
h0,205.421,917.00023868521,1
h0,214.146,918.000242714313,1
h0,220.323,919.000246734919,1
h0,224.18,920.000237747785,1
h0,225.755,921.000241753039,1
h0,225.074,922.000245750765,1
h0,222.312,923.000236741555,1
h0,217.254,924.000240724683,1
h0,210.114,925.000244700866,1
h0,202.096,926.000235674119,1
h0,193.827,927.000239646537,1
h0,185.455,928.000243618611,1
h0,176.781,929.000234589679,1
h0,168.083,930.000238560664,1
h0,158.933,931.000242530145,1
h0,148.714,932.000246496058,1
h0,138.097,933.000237460641,1
h0,128.262,934.000241427837,1
h0,119.363,935.000245398153,1
h0,111.155,936.000236370773,1
h0,103.78,937.000240346173,1
h0,96.1195,938.00024432062,1
h0,87.5444,939.000235292017,1
h0,79.782,940.000239266124,1
h0,73.0147,941.000243243551,1
h0,67.149,942.000234223985,1
h0,62.1137,943.000238207189,1
h0,58.0815,944.000242193739,1
h0,55.4474,945.000246184953,1
h0,53.9208,946.00023717986,1
h0,53.2861,947.000241177743,1
h0,53.0022,948.000245176796,1
h0,52.8263,949.00023617621,1
h0,52.7198,950.000240175854,1
h0,52.6788,951.000244175717,1
h0,52.5953,952.000235175439,1
h0,52.216,953.000239174174,1
h0,51.6956,954.000243172438,1
h0,51.0625,955.000234170326,1
h0,50.8417,956.00023816959,1
h0,50.9579,957.000242169977,1
h0,50.7669,958.00024616934,1
h0,50.3831,959.00023716806,1
h0,49.8658,960.000241166334,1
h0,49.2731,961.000245164357,1
h0,48.585,962.000236162062,1
h0,47.8604,963.000240159645,1
h0,47.1489,964.000244157272,1
h0,46.4456,965.000235154926,1
h0,45.766,966.000239152659,1
h0,45.4175,967.000243151496,1
h0,45.3324,968.000234151213,1
h0,45.0092,969.000238150135,1
h0,45.1885,970.000242150732,1
h0,45.9924,971.000246153414,1
h0,47.3048,972.000237157792,1
h0,48.9396,973.000241163245,1
h0,50.1965,974.000245167437,1
h0,51.1302,975.000236170552,1
h0,51.6641,976.000240172333,1
h0,50.7033,977.000244169128,1
h0,47.8629,978.000235159654,1
h0,44.6645,979.000239148985,1
h0,41.2579,980.000243137622,1
h0,37.636,981.00023412554,1
h0,34.0963,982.000238113733,1
h0,31.1333,983.00024210385,1
h0,28.7434,984.000246095878,1
h0,26.8638,985.000237089608,1
h0,25.3509,986.000241084562,1
h0,24.1875,987.000245080681,1
h0,23.2661,988.000236077607,1
h0,22.5427,989.000240075194,1
h0,22.0206,990.000244073453,1
h0,21.5797,991.000235071982,1
h0,21.2554,992.0002390709,1
h0,20.993,993.000243070025,1
h0,20.7827,994.000234069324,1
h0,20.5442,995.000238068528,1
h0,20.5513,996.000242068552,1
h0,20.4572,997.000246068238,1
h0,20.3581,998.000237067907,1
h0,20.322,999.000241067787,1
h0,20.306,1000.000245067733,1
h0,20.2767,1001.000236067636,1
h0,20.2599,1002.00024006758,1
h0,20.2269,1003.00024406747,1
h0,20.2308,1004.000235067483,1
h0,20.2131,1005.000239067424,1
h0,20.1985,1006.000243067375,1
h0,20.1782,1007.000234067307,1
h0,20.1746,1008.000238067295,1
h0,20.167,1009.00024206727,1
h0,20.151,1010.000246067216,1
h0,20.1484,1011.000237067208,1
h0,20.1672,1012.000241067271,1
h0,20.1565,1013.000245067235,1
h0,20.1557,1014.000236067232,1
h0,20.1618,1015.000240067252,1
h0,20.1368,1016.000244067169,1
h0,20.141,1017.000235067183,1
h0,20.1488,1018.000239067209,1
h0,20.1486,1019.000243067208,1
h0,20.1394,1020.000234067178,1
h0,20.1337,1021.000238067159,1
h0,20.1126,1022.000242067089,1
h0,20.1087,1023.000246067075,1
h0,20.1052,1024.000237067064,1
h0,20.1109,1025.000241067083,1
h0,20.1051,1026.000245067063,1
h0,20.1161,1027.0002360671,1
h0,20.12,1028.000240067113,1
h0,20.2586,1029.000244067575,1
h0,20.6125,1030.000235068756,1
h0,21.2169,1031.000239070772,1
h0,21.9686,1032.000243073279,1
h0,22.6721,1033.000234075626,1
