h0,404.021,938.000245347668,1
h0,367.333,939.000236225292,1
h0,331.457,940.00024010562,1
h0,296.341,941.000243988487,1
h0,261.924,942.000234873685,1
h0,228.202,943.000238761201,1
h0,195.042,944.000242650589,1
h0,162.433,945.000246541819,1
h0,130.389,946.000237434929,1
h0,98.8535,947.00024132974,1
h0,67.7962,948.000245226144,1
h0,37.3845,949.000236124701,1
h0,9.08604,950.000240030308,1
h0,24.3366,951.000244081178,1
h0,53.5967,952.000235178779,1
h0,82.868,953.000239276418,1
h0,111.958,954.000243373451,1
h0,140.889,955.000234469955,1
h0,169.56,956.000238565592,1
h0,198.041,957.000242660594,1
h0,226.344,958.000246755002,1
h0,254.494,959.0002378489,1
h0,282.558,960.000241942514,1
h0,310.467,961.000246035608,1
h0,338.312,962.000237128488,1
h0,366.116,963.000241221231,1
