h0,378.56,941.000244262739,1
h0,339.883,942.000235133729,1
h0,299.725,943.000238999776,1
h0,258.112,944.000242860969,1
h0,216.225,945.000246721248,1
h0,174.355,946.000237581587,1
h0,132.451,947.000241441809,1
h0,90.5768,948.000245302132,1
h0,48.7048,949.000236162462,1
h0,7.39801,950.000240024677,1
h0,35.3949,951.000244118065,1
h0,77.1979,952.000235257504,1
h0,119.068,953.000239397169,1
h0,160.941,954.000243536843,1
h0,202.872,955.000234676709,1
h0,244.776,956.000238816484,1
h0,286.683,957.000242956272,1
h0,328.605,958.000247096108,1
h0,370.498,959.000238235847,1
