h0,389.258,949.000237298425,1
h0,356.891,950.000241190459,1
h0,324.447,951.000245082238,1
h0,291.555,952.000235972522,1
h0,257.971,953.0002398605,1
h0,223.532,954.000243745624,1
h0,188.903,955.000234630111,1
h0,154.237,956.000238514479,1
h0,119.569,957.00024239884,1
h0,84.8487,958.000246283025,1
h0,50.177,959.000237167372,1
h0,15.6827,960.000241052312,1
h0,19.611,961.000245065415,1
h0,54.1071,962.000236180482,1
h0,88.6514,963.000240295709,1
h0,123.203,964.000244410961,1
h0,157.643,965.000235525841,1
h0,192.012,966.000239640485,1
h0,226.319,967.000243754918,1
h0,260.476,968.000234868854,1
h0,294.219,969.00023898141,1
h0,326.518,970.000243089146,1
h0,357.448,971.000247192319,1
