h0,393.879,947.00024231384,1
h0,362.194,948.000246208149,1
h0,330.966,949.000237103982,1
h0,300.181,950.000241001297,1
h0,269.724,951.000244899703,1
h0,239.666,952.00023579944,1
h0,209.927,953.000239700242,1
h0,180.423,954.000243601828,1
h0,151.183,955.000234504292,1
h0,122.256,956.000238407801,1
h0,93.508,957.000242311909,1
h0,65.0689,958.000246217047,1
h0,36.9534,959.000237123263,1
h0,10.4109,960.000241034727,1
h0,21.5036,961.000245071728,1
h0,51.0659,962.000236170338,1
h0,81.412,963.000240271561,1
h0,111.697,964.00024437258,1
h0,141.945,965.000235473478,1
h0,172.121,966.000239574135,1
h0,202.102,967.00024367414,1
h0,232.193,968.000234774513,1
h0,262.223,969.000238874681,1
h0,292.232,970.000242974781,1
h0,322.235,971.00024707486,1
h0,352.218,972.000238174872,1
