h0,395.442,963.000240319051,1
h0,360.179,964.000244201428,1
h0,324.246,965.000235081569,1
h0,287.527,966.000238959088,1
h0,250.678,967.000242836173,1
h0,213.82,968.000246713227,1
h0,176.924,969.000237590154,1
h0,140.027,970.000241467081,1
h0,103.137,971.000245344028,1
h0,66.2256,972.000236220905,1
h0,29.356,973.000240097921,1
h0,8.42589,974.000244028106,1
h0,44.8673,975.000235149661,1
h0,81.819,976.000239272919,1
h0,120.023,977.000243400353,1
h0,160.098,978.000234534029,1
h0,202.29,979.000238674766,1
h0,244.86,980.000242816766,1
h0,286.239,981.000246954791,1
h0,326.553,982.000238089263,1
h0,365.934,983.000242220625,1
