h0,387.846,956.000239293714,1
h0,358.19,957.000243194792,1
h0,328.569,958.000247095987,1
h0,298.934,959.000237997136,1
h0,269.287,960.000241898245,1
h0,239.689,961.000245799517,1
h0,209.911,962.000236700187,1
h0,178.659,963.000240595941,1
h0,145.565,964.000244485553,1
h0,110.728,965.000235369349,1
h0,73.9321,966.000239246611,1
h0,35.3171,967.000243117805,1
h0,4.94218,968.000234016485,1
h0,42.8053,969.000238142783,1
h0,81.697,970.000242272512,1
h0,120.596,971.000246402266,1
h0,159.258,972.000237531227,1
h0,197.631,973.000241659225,1
h0,235.686,974.000245786165,1
h0,273.45,975.000236912132,1
h0,310.868,976.000241036944,1
h0,348.032,977.000245160909,1
