h0,411.733,937.000241373393,1
h0,368.034,938.00024522763,1
h0,324.537,939.000236082538,1
h0,281.36,940.000239938515,1
h0,238.474,941.000243795464,1
h0,195.813,942.00023465316,1
h0,153.409,943.000238511719,1
h0,111.133,944.000242370698,1
h0,69.0498,945.000246230325,1
h0,27.2182,946.00023709079,1
h0,15.0851,947.000241050318,1
h0,56.5051,948.000245188481,1
h0,98.0602,949.000236327094,1
h0,139.519,950.000240465385,1
h0,180.363,951.000244601625,1
h0,220.509,952.000235735538,1
h0,260.351,953.000239868439,1
h0,300.735,954.000244003145,1
h0,341.233,955.000235138231,1
