h0,392.453,948.000246309082,1
h0,354.93,949.00023718392,1
h0,318.752,950.000241063241,1
h0,283.798,951.000244946647,1
h0,250.051,952.000235834081,1
h0,217.443,953.000239725313,1
h0,185.949,954.00024362026,1
h0,154.967,955.000234516915,1
h0,122.078,956.000238407208,1
h0,87.7326,957.000242292644,1
h0,53.5284,958.000246178552,1
h0,21.311,959.000237071086,1
h0,12.5642,960.00024104191,1
h0,40.9805,961.000245136696,1
h0,69.2284,962.000236230921,1
h0,96.5518,963.000240322062,1
h0,123.088,964.000244410577,1
h0,148.988,965.000235496972,1
h0,174.419,966.000239581799,1
h0,199.496,967.000243665448,1
h0,224.344,968.00023474833,1
h0,248.961,969.000238830446,1
h0,273.553,970.000242912475,1
h0,297.986,971.000246993973,1
h0,322.398,972.000238075405,1
h0,346.819,973.000242156863,1
h0,371.178,974.000246238115,1
