h0,79.2464,901.000291264337,1
h0,91.4581,902.000243305071,1
h0,100.531,903.000234335334,1
h0,106.628,904.000238355673,1
h0,110.196,905.000242367576,1
h0,113.112,906.000246377301,1
h0,116.012,907.000237386974,1
h0,118.874,908.000241396522,1
h0,121.828,909.000245406373,1
h0,126.465,910.00023642184,1
h0,133.006,911.000240443661,1
h0,141.545,912.000244472144,1
h0,151.573,913.000235505594,1
h0,160.843,914.000239536515,1
h0,169.087,915.000243564012,1
h0,176.426,916.000234588493,1
h0,182.976,917.000238610342,1
h0,188.762,918.000242629642,1
h0,193.853,919.000246646624,1
h0,199.039,920.000237663923,1
h0,206.278,921.000241688068,1
h0,215.944,922.00024572031,1
h0,228.17,923.000236761092,1
h0,242.895,924.000240810209,1
h0,259.885,925.000244866884,1
h0,277.912,926.000235927015,1
h0,295.107,927.00023998437,1
h0,311.363,928.000244038594,1
h0,326.829,929.000235090183,1
h0,341.539,930.000239139252,1
h0,355.488,931.00024318578,1
h0,368.715,932.000247229901,1
h0,379.979,933.000238267473,1
h0,388.758,934.000242296758,1
h0,395.487,935.000246319202,1
h0,396.204,994.000235321594,1
h0,385.474,995.000239285802,1
h0,374.746,996.000243250018,1
h0,364.437,997.000247215631,1
h0,356.12,998.000238187888,1
