h0,398.258,992.000240328446,1
h0,377.812,993.000244260246,1
h0,357.67,994.000235193059,1
h0,337.859,995.000239126975,1
h0,318.418,996.000243062129,1
h0,299.267,997.000246998248,1
h0,280.29,998.000237934948,1
h0,260.846,999.00024187009,1
h0,241.458,1000.000245805417,1
h0,222.425,1001.00023674193,1
h0,203.833,1002.000240679914,1
h0,185.509,1003.000244618792,1
h0,166.206,1004.000235554404,1
h0,146.741,1005.000239489476,1
h0,128.059,1006.000243427158,1
h0,110.045,1007.00023436707,1
h0,91.6759,1008.000238305798,1
h0,72.8845,1009.000242243117,1
h0,54.8261,1010.00024618288,1
h0,37.5203,1011.000237125154,1
h0,20.5557,1012.000241068566,1
h0,6.4092,1013.000245021379,1
h0,21.3356,1014.000236071168,1
h0,40.9273,1015.000240136519,1
h0,59.5214,1016.000244198542,1
h0,77.0834,1017.000235257122,1
h0,93.7158,1018.000239312602,1
h0,109.562,1019.000243365459,1
h0,124.852,1020.000234416461,1
h0,139.64,1021.000238465789,1
h0,154.074,1022.000242513936,1
h0,168.278,1023.000246561313,1
h0,182.277,1024.00023760801,1
h0,196.122,1025.000241654192,1
h0,209.872,1026.000245700056,1
h0,223.594,1027.000236745829,1
h0,237.222,1028.000240791289,1
h0,250.878,1029.000244836838,1
h0,264.504,1030.000235882291,1
h0,278.074,1031.000239927556,1
h0,291.657,1032.000243972861,1
h0,305.23,1033.000235018137,1
h0,318.817,1034.00023906346,1
h0,332.273,1035.000243108342,1
h0,345.408,1036.000247152158,1
h0,358.29,1037.000238195127,1
h0,370.987,1038.000242237478,1
