h0,389.131,954.000244298001,1
h0,357.639,955.000235192957,1
h0,326.443,956.000239088896,1
h0,295.543,957.000242985824,1
h0,264.83,958.000246883377,1
h0,234.328,959.000237781634,1
h0,203.995,960.000241680455,1
h0,173.843,961.000245579878,1
h0,143.988,962.000236480293,1
h0,114.959,963.000240383462,1
h0,86.8426,964.000244289676,1
h0,59.5797,965.000235198737,1
h0,33.4505,966.000239111579,1
h0,8.91682,967.000243029743,1
h0,15.7446,968.000234052518,1
h0,38.7477,969.000238129248,1
h0,62.7578,970.000242209337,1
h0,87.6549,971.000246292385,1
h0,111.503,972.000237371933,1
h0,134.192,973.000241447615,1
h0,156.309,974.000245521392,1
h0,179.878,975.000236600009,1
h0,202.968,976.000240677029,1
h0,224.554,977.000244749031,1
h0,244.816,978.000235816618,1
h0,263.951,979.000239880447,1
h0,282.154,980.000243941166,1
h0,299.675,981.000234999607,1
h0,316.743,982.000239056541,1
h0,334.614,983.000243116153,1
h0,353.59,984.000247179451,1
h0,372.217,985.000238241581,1
