h0,411.734,966.000240373396,1
h0,384.425,967.000244282303,1
h0,357.215,968.00023519154,1
h0,330.047,969.00023910092,1
h0,302.909,970.000243010395,1
h0,275.742,971.000246919776,1
h0,248.639,972.00023782937,1
h0,221.539,973.000241738975,1
h0,194.409,974.000245648478,1
h0,167.342,975.000236558194,1
h0,140.284,976.000240467936,1
h0,113.247,977.000244377752,1
h0,86.2111,978.000235287569,1
h0,59.2132,979.000239197514,1
h0,32.4127,980.000243108117,1
h0,7.95784,981.000234026544,1
h0,23.2124,982.000238077428,1
h0,49.7916,983.000242166087,1
h0,76.7084,984.000246255872,1
h0,103.669,985.000237345801,1
h0,130.67,986.000241435869,1
h0,157.718,987.000245526092,1
h0,184.803,988.000236616438,1
h0,211.827,989.000240706578,1
h0,238.879,990.000244796816,1
h0,265.914,991.000235886993,1
h0,292.786,992.000239976628,1
h0,319.166,993.000244064623,1
h0,345.147,994.000235151286,1
h0,370.743,995.000239236665,1
