h0,377.87,951.000245260438,1
h0,338.682,952.000236129722,1
h0,299.467,953.000239998915,1
h0,260.504,954.000243868948,1
h0,223.886,955.000234746804,1
h0,189.949,956.000238633603,1
h0,158.566,957.000242528919,1
h0,128.982,958.000246430238,1
h0,100.071,959.000237333801,1
h0,72.5978,960.00024124216,1
h0,46.601,961.000245155444,1
h0,22.068,962.000236073611,1
h0,3.5732,963.000240011919,1
h0,24.1707,964.000244080625,1
h0,45.5738,965.000235152018,1
h0,66.3251,966.000239221237,1
h0,86.554,967.000243288713,1
h0,106.436,968.000234355032,1
h0,126.066,969.00023842051,1
h0,145.479,970.000242485267,1
h0,164.725,971.000246549463,1
h0,183.935,972.000237613541,1
h0,203.047,973.000241677293,1
h0,222.11,974.000245740879,1
h0,241.161,975.000236804427,1
h0,260.218,976.000240867995,1
h0,279.236,977.000244931433,1
h0,298.797,978.000235996678,1
h0,320.06,979.000240067606,1
h0,341.522,980.000244139194,1
h0,362.354,981.000235208683,1
