h0,403.458,954.000244345792,1
h0,369.599,955.000235232848,1
h0,336.378,956.000239122036,1
h0,303.743,957.000243013178,1
h0,271.554,958.000246905807,1
h0,239.857,959.000237800076,1
h0,208.491,960.00024169545,1
h0,177.52,961.000245592144,1
h0,146.811,962.000236489708,1
h0,116.358,963.000240388129,1
h0,86.4486,964.000244288362,1
h0,57.547,965.000235191956,1
h0,29.8823,966.000239099677,1
h0,4.59759,967.000243015336,1
h0,22.0359,968.000234073504,1
h0,45.8569,969.000238152962,1
h0,68.781,970.000242229429,1
h0,92.4147,971.000246308262,1
h0,116.054,972.000237387114,1
h0,139.202,973.000241464329,1
h0,163.525,974.000245545461,1
h0,186.766,975.000236622985,1
h0,208.406,976.000240695168,1
h0,228.727,977.000244762951,1
h0,247.944,978.000235827054,1
h0,266.256,979.000239888134,1
h0,283.832,980.000243946763,1
h0,300.877,981.000235003618,1
h0,317.6,982.000239059398,1
h0,335.211,983.000243118143,1
h0,353.984,984.000247180762,1
h0,372.468,985.00023824242,1
