h0,407.468,976.000241359168,1
h0,388.143,977.000245294707,1
h0,368.969,978.00023623075,1
h0,349.954,979.000240167321,1
h0,330.936,980.000244103885,1
h0,311.968,981.000235040613,1
h0,292.925,982.000238977091,1
h0,273.875,983.000242913547,1
h0,254.806,984.000246849942,1
h0,235.698,985.000237786205,1
h0,216.532,986.000241722272,1
h0,197.293,987.0002456581,1
h0,178.02,988.00023659381,1
h0,158.654,989.000240529211,1
h0,139.237,990.000244464443,1
h0,119.816,991.000235399662,1
h0,100.316,992.00023933462,1
h0,80.791,993.00024326949,1
h0,61.2498,994.000234204307,1
h0,41.7722,995.000238139337,1
h0,22.5247,996.000242075134,1
h0,6.67285,997.000246022258,1
h0,18.9378,998.00023706317,1
h0,38.0933,999.000241127065,1
h0,57.6141,1000.00024519218,1
h0,77.3284,1001.00023625794,1
h0,97.0839,1002.000240323837,1
h0,116.852,1003.000244389778,1
h0,136.701,1004.000235455986,1
h0,156.916,1005.000239523414,1
h0,177.428,1006.000243591837,1
h0,198.064,1007.00023466067,1
h0,218.892,1008.000238730144,1
h0,240.47,1009.000242802123,1
h0,262.337,1010.000246875063,1
h0,284.304,1011.000237948336,1
h0,306.793,1012.000242023351,1
h0,331.232,1013.000246104872,1
h0,357.851,1014.000237193663,1
