h0,396.856,951.000245323769,1
h0,373.736,952.00023624665,1
h0,351.071,953.000240171047,1
h0,328.886,954.000244097044,1
h0,307.111,955.000235024412,1
h0,285.677,956.000238952916,1
h0,264.538,957.000242882403,1
h0,243.684,958.000246812843,1
h0,222.98,959.000237743781,1
h0,202.331,960.000241674905,1
h0,181.542,961.000245605558,1
h0,160.486,962.000236535322,1
h0,139.354,963.000240464835,1
h0,118.189,964.000244394237,1
h0,96.9266,965.000235323312,1
h0,75.6305,966.000239252276,1
h0,54.2633,967.000243181003,1
h0,32.9456,968.000234109895,1
h0,11.7894,969.000238039325,1
h0,10.5976,970.00024203535,1
h0,31.7136,971.000246105785,1
h0,53.1483,972.000237177284,1
h0,74.5876,973.000241248797,1
h0,96.0686,974.00024532045,1
h0,117.597,975.00023639226,1
h0,139.088,976.000240463948,1
h0,160.67,977.000244535938,1
h0,182.247,978.00023560791,1
h0,203.815,979.000239679855,1
h0,225.396,980.000243751839,1
h0,246.952,981.000234823744,1
h0,268.547,982.000238895775,1
h0,290.123,983.000242967745,1
h0,311.752,984.000247039894,1
h0,333.33,985.000238111868,1
h0,354.911,986.000242183855,1
h0,376.531,987.000246255971,1
