h0,394.59,958.00024731621,1
h0,367.974,959.000238227429,1
h0,341.682,960.000242139729,1
h0,315.624,961.000246052808,1
h0,289.506,962.000236965688,1
h0,262.812,963.000240876647,1
h0,235.862,964.000244786752,1
h0,209.008,965.000235697175,1
h0,182.406,966.000239608441,1
h0,155.958,967.00024352022,1
h0,129.704,968.000234432646,1
h0,103.653,969.000238345748,1
h0,77.8127,970.000242259555,1
h0,51.6499,971.000246172286,1
h0,24.1811,972.00023708066,1
h0,5.51174,973.000241018385,1
h0,33.4527,974.000245111586,1
h0,62.8371,975.000236209602,1
h0,93.5324,976.000240311991,1
h0,123.139,977.000244410747,1
h0,151.553,978.000235505528,1
h0,179.602,979.000239599087,1
h0,207.506,980.000243692167,1
h0,235.09,981.000234784177,1
h0,262.355,982.000238875121,1
h0,289.39,983.0002429653,1
h0,316.255,984.000247054913,1
h0,342.949,985.000238143956,1
h0,369.597,986.000242232844,1
