h0,386.633,951.000245289669,1
h0,352.378,952.000236175405,1
h0,318.041,953.00024006087,1
h0,283.659,954.000243946185,1
h0,249.272,955.000234831482,1
h0,214.822,956.000238716569,1
h0,180.202,957.00024260109,1
h0,145.372,958.000246484908,1
h0,110.247,959.000237367746,1
h0,74.2883,960.000241247799,1
h0,36.1897,961.000245120716,1
h0,4.78254,962.000236015953,1
h0,43.5129,963.000240145143,1
h0,83.5041,964.00024427854,1
h0,123.693,965.000235412594,1
h0,164.025,966.000239547129,1
h0,203.312,967.000243678176,1
h0,241.161,968.000234804425,1
h0,277.792,969.000238926615,1
h0,313.335,970.000243045174,1
h0,347.926,971.000247160558,1
