h0,386.002,948.000246287563,1
h0,345.331,949.000237151901,1
h0,304.674,950.000241016281,1
h0,264.039,951.000244880741,1
h0,223.451,952.000235745353,1
h0,182.933,953.000239610199,1
h0,142.67,954.000243475897,1
h0,102.443,955.000234341714,1
h0,62.3797,956.000238208076,1
h0,22.9655,957.000242076605,1
h0,18.8909,958.000246063013,1
h0,57.8115,959.000237192838,1
h0,97.0821,960.000241323831,1
h0,136.395,961.000245454965,1
h0,175.584,962.000236585686,1
h0,214.678,963.000240716089,1
h0,253.55,964.000244845752,1
h0,292.334,965.000235975122,1
h0,330.972,966.000240104002,1
h0,369.436,967.000244232307,1
