h0,387.021,959.000238290962,1
h0,357.615,960.000242192877,1
h0,328.223,961.000246094834,1
h0,299.275,962.000236998274,1
h0,271.206,963.000240904646,1
h0,243.888,964.000244813524,1
h0,217.233,965.00023572461,1
h0,191.23,966.000239637876,1
h0,165.757,967.000243552906,1
h0,140.867,968.000234469882,1
h0,116.388,969.000238388227,1
h0,92.3245,970.000242307961,1
h0,68.6928,971.000246229135,1
h0,45.5672,972.000237151996,1
h0,22.8762,973.000241076307,1
h0,6.46339,974.00024502156,1
h0,24.3685,975.000236081284,1
h0,46.395,976.000240154757,1
h0,68.5328,977.000244228601,1
h0,90.6013,978.000235302214,1
h0,112.776,979.000239376179,1
h0,136.061,980.000243453849,1
h0,160.555,981.000234535555,1
h0,184.841,982.000238616565,1
h0,208.659,983.000242696011,1
h0,232.271,984.000246774772,1
h0,255.608,985.000237852616,1
h0,278.695,986.000241929627,1
h0,301.552,987.00024600587,1
h0,324.204,988.000237081429,1
h0,346.636,989.000241156253,1
h0,368.924,990.000245230597,1
