h0,396.786,963.000241323536,1
h0,370.555,964.00024523604,1
h0,343.411,965.000236145495,1
h0,316.884,966.000240057012,1
h0,290.896,967.000243970324,1
h0,265.418,968.000234885338,1
h0,240.37,969.00023880179,1
h0,215.604,970.000242719178,1
h0,190.614,971.00024663582,1
h0,163.563,972.000237545587,1
h0,136.998,973.000241456976,1
h0,112.189,974.000245374221,1
h0,88.847,975.000236296362,1
h0,66.759,976.000240222684,1
h0,45.7728,977.000244152682,1
h0,26.0151,978.000235086777,1
h0,10.481,979.000239034961,1
h0,18.1074,980.0002430604,1
h0,35.9263,981.000234119837,1
h0,54.2457,982.000238180944,1
h0,73.9125,983.000242246545,1
h0,94.1221,984.000246313957,1
h0,114.674,985.000237382512,1
h0,135.503,986.00024145199,1
h0,156.535,987.000245522145,1
h0,178.379,988.000236595007,1
h0,201.117,989.000240670853,1
h0,224.837,990.000244749975,1
h0,250.156,991.000235834432,1
h0,276.211,992.000239921339,1
h0,301.87,993.00024400693,1
h0,327.149,994.000235091252,1
h0,352.133,995.000239174588,1
h0,378.464,996.000243262419,1
