h0,393.408,945.000247312268,1
h0,361.114,946.000238204548,1
h0,327.946,947.000242093911,1
h0,294.42,948.000245982079,1
h0,260.79,949.000236869902,1
h0,227.093,950.000240757499,1
h0,193.388,951.000244645074,1
h0,159.591,952.000235532338,1
h0,125.735,953.000239419406,1
h0,91.9006,954.000243306548,1
h0,58.0083,955.000234193495,1
h0,23.2832,956.000238077664,1
h0,12.5085,957.000242041724,1
h0,47.2067,958.000246157465,1
h0,82.1255,959.000237273941,1
h0,116.759,960.000241389467,1
h0,150.567,961.000245502236,1
h0,183.605,962.00023661244,1
h0,215.969,963.000240720396,1
h0,247.761,964.000244826441,1
h0,278.992,965.000235930616,1
h0,309.835,966.000240033499,1
h0,340.17,967.000244134683,1
h0,370.033,968.000235234296,1
