h0,414.981,964.000244384228,1
h0,387.807,965.000235293584,1
h0,360.647,966.000239202988,1
h0,333.457,967.000243112293,1
h0,306.254,968.000247021553,1
h0,279.038,969.000237930769,1
h0,251.819,970.000241839977,1
h0,224.609,971.000245749216,1
h0,197.396,972.000236658443,1
h0,170.212,973.000240567767,1
h0,143.168,974.000244477556,1
h0,116.76,975.000235389469,1
h0,91.0911,976.000239303847,1
h0,65.9718,977.000243220058,1
h0,41.5868,978.000234138719,1
h0,18.2117,979.000238060748,1
h0,9.74089,980.000242032492,1
h0,34.2634,981.00024611429,1
h0,60.0538,982.000237200318,1
h0,85.2683,983.000241284424,1
h0,110.393,984.000245368232,1
h0,135.354,985.000236451493,1
h0,159.986,986.000240533655,1
h0,184.351,987.00024461493,1
h0,208.486,988.000235695435,1
h0,232.401,989.000239775205,1
h0,256.11,990.000243854293,1
h0,280.473,991.000234935556,1
h0,305.938,992.000239020499,1
h0,332.1,993.000243107767,1
h0,358.351,994.000247195332,1
