h0,409.21,965.000240364978,1
h0,382.693,966.000244276526,1
h0,356.114,967.000235187867,1
h0,328.627,968.000239096183,1
h0,299.829,969.000243000123,1
h0,270.425,970.000246902041,1
h0,240.978,971.000237803817,1
h0,211.468,972.00024170538,1
h0,181.894,973.000245606733,1
h0,152.312,974.000236508058,1
h0,122.677,975.000240409205,1
h0,93.078,976.000244310475,1
h0,63.4961,977.0002352118,1
h0,34.1653,978.000239113963,1
h0,7.45736,979.000243024875,1
h0,26.6736,980.000234088974,1
h0,56.0123,981.000238186837,1
h0,85.672,982.000242285771,1
h0,115.282,983.00024638454,1
h0,145.001,984.000237483672,1
h0,174.738,985.000241582863,1
h0,204.482,986.000245682078,1
h0,234.242,987.000236781347,1
h0,264.044,988.000240880755,1
h0,293.717,989.000244979734,1
h0,322.744,990.000236076559,1
h0,351.157,991.000240171333,1
h0,378.984,992.000244264154,1
