h0,390.134,957.000243301348,1
h0,363.355,958.000247212023,1
h0,336.752,959.000238123283,1
h0,310.305,960.000242035066,1
h0,282.904,961.000245943665,1
h0,253.632,962.000236846025,1
h0,222.523,963.000240742255,1
h0,188.769,964.000244629664,1
h0,151.464,965.000235505229,1
h0,110.534,966.000239368701,1
h0,66.7318,967.000243222593,1
h0,22.5277,968.000234075144,1
h0,22.3834,969.000238074663,1
h0,64.4947,970.000242215131,1
h0,104.25,971.00024634774,1
h0,141.742,972.000237472799,1
h0,177.177,973.000241591,1
h0,210.846,974.000245703305,1
h0,242.954,975.000236810408,1
h0,273.743,976.000240913108,1
h0,303.576,977.000245012621,1
h0,334.505,978.000236115789,1
h0,366.919,979.000240223908,1
