h0,396.892,953.000240323891,1
h0,357.979,954.000244194088,1
h0,317.162,955.000235057939,1
h0,274.386,956.000238915253,1
h0,229.48,957.000242765462,1
h0,182.606,958.000246609109,1
h0,134.618,959.000237449036,1
h0,86.6043,960.000241288881,1
h0,38.6207,961.000245128825,1
h0,10.1098,962.000236033723,1
h0,57.7937,963.000240192779,1
h0,105.925,964.000244353327,1
h0,154.074,965.000235513936,1
h0,202.335,966.000239674917,1
h0,250.642,967.000243836051,1
h0,298.963,968.000234997233,1
h0,347.295,969.00023915845,1
