h0,81.2549,901.000291271037,1
h0,96.9153,902.000243323275,1
h0,112.031,903.000234373695,1
h0,123.924,904.000238413366,1
h0,132.524,905.000242442051,1
h0,140.025,906.000246467072,1
h0,147.25,907.000237491172,1
h0,154.583,908.000241515632,1
h0,161.914,909.000245540087,1
h0,168.732,910.00023656283,1
h0,173.552,911.000240578908,1
h0,176.144,912.000244587552,1
h0,176.362,913.000235588279,1
h0,174.353,914.00023958158,1
h0,170.133,915.000243567502,1
h0,163.704,916.000234546059,1
h0,155.405,917.000238518377,1
h0,147.087,918.000242490628,1
h0,139.458,919.00024646518,1
h0,131.504,920.000237438649,1
h0,123.579,921.000241412215,1
h0,116.354,922.000245388116,1
h0,109.706,923.000236365941,1
h0,103.618,924.000240345633,1
h0,98.1432,925.00024432737,1
h0,93.1231,926.000235310625,1
h0,88.5936,927.000239295517,1
h0,84.4648,928.000243281744,1
h0,80.7113,929.000234269224,1
h0,77.4256,930.000238258264,1
h0,74.3802,931.000242248106,1
h0,72.4002,932.000246241501,1
h0,71.5286,933.000237238594,1
h0,70.4981,934.000241235156,1
h0,69.2893,935.000245231124,1
h0,67.8917,936.000236226462,1
h0,66.4639,937.0002402217,1
h0,65.339,938.000244217948,1
h0,65.332,939.000235217924,1
h0,65.332,940.000239217924,1
h0,63,941.000243210145,1
h0,59.1064,942.000234197158,1
h0,54.4196,943.000238181524,1
h0,49.2209,944.000242164183,1
h0,43.6017,945.00024614544,1
h0,37.6544,946.000237125602,1
h0,31.1845,947.00024110402,1
h0,23.8222,948.000245079462,1
h0,15.4685,949.000236051597,1
h0,6.41574,950.000240021401,1
h0,5.78925,951.000244019311,1
h0,15.8782,952.000235052964,1
h0,26.2705,953.000239087629,1
h0,36.3189,954.000243121147,1
h0,45.9708,955.000234153342,1
h0,55.1231,956.000238183871,1
h0,63.7578,957.000242212673,1
h0,71.932,958.000246239939,1
h0,79.5802,959.000237265451,1
h0,86.7068,960.000241289223,1
h0,93.335,961.000245311332,1
h0,99.4457,962.000236331715,1
h0,105.1,963.000240350574,1
h0,110.345,964.00024436807,1
h0,114.85,965.000235383099,1
h0,117.54,966.000239392072,1
h0,117.981,967.000243393541,1
h0,117.653,968.000234392447,1
h0,117.128,969.000238390699,1
h0,116.459,970.000242388466,1
h0,115.66,971.0002463858,1
h0,114.804,972.000237382945,1
h0,113.918,973.000241379989,1
h0,112.999,974.000245376924,1
h0,112.349,975.000236374754,1
h0,112.294,976.000240374572,1
h0,112.871,977.000244376498,1
h0,114.163,978.000235380808,1
h0,116.234,979.000239387715,1
h0,118.727,980.000243396029,1
h0,121.038,981.000234403738,1
h0,123.3,982.000238411286,1
h0,125.406,983.000242418308,1
h0,127.387,984.000246424917,1
h0,129.24,985.000237431098,1
h0,130.929,986.000241436734,1
h0,132.554,987.000245442152,1
h0,133.993,988.000236446951,1
h0,135.315,989.000240451363,1
h0,136.443,990.000244455125,1
h0,137.566,991.00023545887,1
h0,138.579,992.000239462251,1
h0,139.5,993.000243465321,1
h0,140.346,994.000234468144,1
h0,141.151,995.000238470827,1
h0,141.935,996.000242473445,1
h0,142.597,997.000246475652,1
h0,143.234,998.000237477777,1
h0,143.738,999.000241479459,1
h0,144.228,1000.000245481093,1
h0,144.637,1001.000236482458,1
h0,144.989,1002.00024048363,1
h0,145.425,1003.000244485085,1
h0,145.693,1004.000235485979,1
h0,146.005,1005.00023948702,1
h0,146.253,1006.000243487846,1
h0,146.424,1007.000234488419,1
h0,146.945,1008.000238490155,1
h0,147.665,1009.000242492559,1
h0,148.307,1010.000246494699,1
h0,149.991,1011.000237500317,1
h0,152.625,1012.000241509102,1
