h0,71.0801,901.000291237098,1
h0,78.4096,902.000243261546,1
h0,82.9709,903.000234276761,1
h0,85.0407,904.000238283665,1
h0,84.9991,905.000242283527,1
h0,84.6017,906.000246282201,1
h0,84.2943,907.000237281176,1
h0,83.5284,908.000241278621,1
h0,80.705,909.000245269203,1
h0,75.8934,910.000236253153,1
h0,68.9578,911.000240230018,1
h0,60.1637,912.000244200684,1
h0,49.3916,913.000235164753,1
h0,36.5434,914.000239121896,1
h0,21.9427,915.000243073193,1
h0,6.48495,916.000234021631,1
h0,10.4592,917.000238034888,1
h0,25.1217,918.000242083797,1
h0,39.4149,919.000246131474,1
h0,53.9068,920.000237179814,1
h0,69.3253,921.000241231244,1
h0,85.2465,922.000245284352,1
h0,100.963,923.000236336776,1
h0,116.616,924.000240388988,1
h0,132.168,925.000244440866,1
h0,147.642,926.00023549248,1
h0,163.006,927.000239543731,1
h0,178.311,928.00024359478,1
h0,193.456,929.0002346453,1
h0,207.185,930.000238691095,1
h0,218.909,931.000242730202,1
h0,228.73,932.000246762961,1
h0,236.68,933.000237789481,1
h0,242.511,934.00024180893,1
h0,246.354,935.000245821748,1
h0,248.329,936.000236828336,1
h0,250.097,937.000240834232,1
h0,251.437,938.000244838703,1
h0,252.345,939.000235841732,1
h0,252.877,940.000239843506,1
h0,253.052,941.000243844089,1
h0,252.859,942.000234843447,1
h0,252.223,943.000238841326,1
h0,251.316,944.000242838299,1
h0,250.1,945.000246834243,1
h0,248.588,946.000237829201,1
h0,246.889,947.000241823532,1
h0,244.909,948.00024581693,1
h0,242.707,949.000236809584,1
h0,240.397,950.000240801879,1
h0,237.92,951.000244793617,1
h0,235.74,952.000235786344,1
h0,233.467,953.000239778763,1
h0,231.262,954.000243771408,1
h0,229.051,955.000234764031,1
h0,226.865,956.000238756741,1
h0,224.685,957.000242749469,1
h0,222.712,958.000246742889,1
h0,222.447,959.000237742003,1
h0,222.892,960.000241743488,1
h0,222.665,961.000245742731,1
h0,221.916,962.000236740233,1
h0,220.67,963.000240736077,1
h0,218.973,964.000244730416,1
h0,217.054,965.000235724013,1
h0,214.962,966.000239717036,1
h0,212.692,967.000243709466,1
h0,209.085,968.000234697433,1
h0,203.579,969.000238679068,1
h0,196.017,970.000242653842,1
h0,186.333,971.00024662154,1
h0,174.815,972.000237583119,1
h0,161.703,973.000241539384,1
h0,149.789,974.000245499643,1
h0,139.571,975.000236465559,1
h0,130.895,976.000240436618,1
h0,123.624,977.000244412367,1
h0,117.669,978.0002353925,1
h0,112.764,979.000239376141,1
h0,108.901,980.000243363256,1
h0,105.901,981.000234353249,1
h0,103.556,982.000238345426,1
h0,101.591,983.00024233887,1
h0,99.8006,984.000246332899,1
h0,98.2099,985.000237327593,1
h0,96.7152,986.000241322607,1
h0,95.4818,987.000245318493,1
h0,94.3364,988.000236314673,1
h0,93.3075,989.00024031124,1
h0,91.4439,990.000244305024,1
h0,88.0843,991.000235293817,1
h0,84.1763,992.000239280782,1
h0,80.719,993.00024326925,1
h0,77.6306,994.000234258948,1
h0,74.9616,995.000238250045,1
h0,72.6367,996.00024224229,1
h0,70.5616,997.000246235368,1
h0,68.7576,998.000237229351,1
h0,67.1417,999.000241223961,1
h0,65.6372,1000.000245218942,1
h0,64.3619,1001.000236214688,1
h0,63.2224,1002.000240210887,1
h0,62.1228,1003.000244207219,1
h0,61.073,1004.000235203717,1
h0,60.1089,1005.000239200502,1
h0,59.2238,1006.000243197549,1
h0,58.3881,1007.000234194762,1
h0,57.5746,1008.000238192048,1
h0,56.7944,1009.000242189446,1
h0,56.0489,1010.000246186959,1
h0,55.3352,1011.000237184578,1
h0,54.621,1012.000241182196,1
h0,53.9235,1013.000245179869,1
h0,53.2181,1014.000236177517,1
h0,52.51,1015.000240175155,1
h0,51.3674,1016.000244171343,1
h0,50.0963,1017.000235167103,1
h0,49.7525,1018.000239165957,1
