h0,389.625,947.000242299648,1
h0,355.495,948.000246185804,1
h0,322.177,949.000237074668,1
h0,289.433,950.000240965446,1
h0,256.566,951.000244855811,1
h0,223.031,952.000235743951,1
h0,188.698,953.000239629429,1
h0,153.952,954.000243513529,1
h0,119.205,955.000234397625,1
h0,84.4487,956.000238281691,1
h0,49.7174,957.000242165839,1
h0,15.2212,958.000246050772,1
h0,20.0279,959.000237066806,1
h0,54.3947,960.000241181441,1
h0,88.8458,961.000245296358,1
h0,123.198,962.000236410944,1
h0,157.522,963.000240525437,1
h0,191.718,964.000244639503,1
h0,225.811,965.000235753226,1
h0,259.857,966.00023986679,1
h0,293.839,967.00024398014,1
h0,327.697,968.00023509308,1
h0,361.002,969.000239204174,1
