h0,401.868,956.000239340486,1
h0,367.709,957.000243226546,1
h0,333.601,958.000247112773,1
h0,298.299,959.000237995017,1
h0,263.091,960.000241877576,1
h0,228.379,961.00024576179,1
h0,194.136,962.000236647567,1
h0,160.503,963.00024053538,1
h0,127.9,964.000244426627,1
h0,96.8899,965.00023532319,1
h0,67.2085,966.000239224183,1
h0,38.5594,967.00024312862,1
h0,11.5593,968.000234038558,1
h0,19.6146,969.000238065427,1
h0,46.763,970.000242155985,1
h0,74.0751,971.000246247088,1
h0,101.132,972.00023733734,1
h0,127.827,973.000241426384,1
h0,154.271,974.000245514591,1
h0,180.413,975.000236601793,1
h0,206.244,976.000240687958,1
h0,231.685,977.000244772816,1
h0,256.93,978.000235857025,1
h0,281.921,979.000239940386,1
h0,306.635,980.000244022824,1
h0,331.079,981.00023510436,1
h0,355.383,982.00023918543,1
