h0,397.455,972.000238325767,1
h0,374.284,973.000242248478,1
h0,351.116,974.000246171198,1
h0,327.915,975.000237093807,1
h0,304.696,976.000241016355,1
h0,281.431,977.000244938751,1
h0,258.213,978.000235861307,1
h0,234.923,979.000239783618,1
h0,211.643,980.000243705963,1
h0,188.333,981.000234628211,1
h0,165.029,982.000238550477,1
h0,141.769,983.000242472892,1
h0,118.513,984.000246395315,1
h0,95.2172,985.00023731761,1
h0,71.9754,986.000241240084,1
h0,48.8059,987.000245162799,1
h0,25.8622,988.000236086267,1
h0,6.63037,989.000240022117,1
h0,22.0597,990.000244073583,1
h0,45.1818,991.00023515071,1
h0,69.4643,992.000239231708,1
h0,92.4922,993.000243308521,1
h0,114.198,994.000234380925,1
h0,134.86,995.000238449844,1
h0,154.67,996.000242515924,1
h0,173.911,997.000246580104,1
h0,192.692,998.000237642752,1
h0,211.069,999.000241704049,1
h0,229.222,1000.000245764603,1
h0,247.182,1001.000236824511,1
h0,265.004,1002.000240883958,1
h0,282.7,1003.000244942985,1
h0,300.344,1004.00023600184,1
h0,317.889,1005.000240060365,1
h0,335.713,1006.000244119817,1
h0,354.908,1007.000235183845,1
h0,375.867,1008.000239253756,1
