h0,395.945,959.00023832073,1
h0,374.062,960.000242247738,1
h0,351.057,961.000246170999,1
h0,326.563,962.000237089297,1
h0,301.907,963.000241007052,1
h0,277.796,964.000244926627,1
h0,254.139,965.000235847715,1
h0,230.844,966.000239770012,1
h0,208,967.000243693813,1
h0,185.312,968.000234618134,1
h0,161.507,969.000238538729,1
h0,136.517,970.000242455371,1
h0,111.917,971.000246373315,1
h0,87.9658,972.000237293422,1
h0,64.5761,973.000241215403,1
h0,41.6299,974.000245138863,1
h0,19.2317,975.00023606415,1
h0,4.55731,976.000240015202,1
h0,25.324,977.000244084472,1
h0,46.9387,978.000235156571,1
h0,68.8606,979.000239229694,1
h0,90.9436,980.000243303355,1
h0,113.12,981.000234377326,1
h0,135.266,982.000238451198,1
h0,157.365,983.000242524913,1
h0,179.415,984.000246598463,1
h0,201.359,985.00023767166,1
h0,223.134,986.000241744295,1
h0,244.78,987.0002458165,1
h0,266.301,988.000236888284,1
h0,287.667,989.000240959553,1
h0,308.936,990.000245030501,1
h0,330.084,991.000236101043,1
h0,351.168,992.000240171372,1
h0,372.11,993.000244241224,1
