h0,409.052,960.000242364451,1
h0,368.251,961.000246228354,1
h0,326.906,962.000237090441,1
h0,284.982,963.000240950599,1
h0,243.417,964.000244811952,1
h0,201.987,965.000235673756,1
h0,160.402,966.000239535044,1
h0,118.734,967.000243396053,1
h0,77.2017,968.000234257517,1
h0,35.8339,969.000238119529,1
h0,6.65318,970.000242022193,1
h0,48.7199,971.000246162512,1
h0,92.9579,972.000237310074,1
h0,136.414,973.000241455029,1
h0,178.484,974.000245595359,1
h0,219.258,975.000236731367,1
h0,258.715,976.000240862981,1
h0,297.076,977.00024499094,1
h0,334.423,978.000236115515,1
h0,371.493,979.000240239168,1
