h0,393.589,942.000235312872,1
h0,358.476,943.000239195748,1
h0,324.543,944.00024308256,1
h0,291.634,945.000246972786,1
h0,259.603,946.000237865942,1
h0,228.299,947.000241761523,1
h0,197.579,948.000245659052,1
h0,167.33,949.000236558153,1
h0,137.494,950.000240458632,1
h0,107.97,951.00024436015,1
h0,78.6302,952.000235262282,1
h0,49.5095,953.000239165146,1
h0,20.625,954.000243068798,1
h0,9.15214,955.000234030528,1
h0,37.5769,956.000238125343,1
h0,66.3214,957.000242221224,1
h0,95.108,958.000246317246,1
h0,123.879,959.000237413215,1
h0,152.618,960.000241509081,1
h0,181.376,961.000245605006,1
h0,210.105,962.000236700836,1
h0,238.835,963.000240796669,1
h0,267.592,964.000244892592,1
h0,296.143,965.000235987827,1
h0,323.948,966.000240080574,1
h0,351.088,967.000244171103,1
h0,377.625,968.000235259621,1
