h0,409.007,959.000238364299,1
h0,380.984,960.000242270824,1
h0,353.298,961.000246178475,1
h0,326.346,962.000237088574,1
h0,300.156,963.000241001214,1
h0,274.552,964.000244915808,1
h0,249.54,965.000235832377,1
h0,225.056,966.000239750707,1
h0,201.049,967.000243670626,1
h0,177.399,968.000234591739,1
h0,154.159,969.000238514218,1
h0,131.191,970.000242437604,1
h0,108.487,971.000246361873,1
h0,86.0549,972.000237287048,1
h0,63.8115,973.000241212852,1
h0,41.3944,974.000245138077,1
h0,18.9318,975.00023606315,1
h0,8.31702,976.000240027743,1
h0,29.2452,977.000244097551,1
h0,52.1888,978.000235174083,1
h0,75.2989,979.00023925117,1
h0,98.5717,980.0002433288,1
h0,121.89,981.000234406581,1
h0,145.202,982.000238484342,1
h0,168.513,983.0002425621,1
h0,191.869,984.000246640006,1
h0,215.176,985.00023771775,1
h0,238.546,986.000241795702,1
h0,261.85,987.000245873438,1
h0,285.194,988.000236951305,1
h0,308.483,989.000241028988,1
h0,331.544,990.000245105912,1
h0,354.415,991.000236182202,1
h0,377.071,992.000240257772,1
