h0,415.019,949.000237384354,1
h0,382.4,950.000241275551,1
h0,350.193,951.000245168118,1
h0,318.072,952.000236060975,1
h0,285.41,953.000239952025,1
h0,251.914,954.000243840295,1
h0,217.241,955.000234724637,1
h0,181.597,956.000238605742,1
h0,145.614,957.000242485717,1
h0,108.786,958.000246362871,1
h0,70.3503,959.000237234663,1
h0,30.8839,960.000241103018,1
h0,9.30685,961.000245031044,1
h0,47.9402,962.000236159911,1
h0,85.9592,963.000240286729,1
h0,123.008,964.000244410311,1
h0,159.117,965.000235530757,1
h0,194.347,966.000239648273,1
h0,228.745,967.00024376301,1
h0,262.372,968.00023487518,1
h0,295.241,969.000238984816,1
h0,327.418,970.000243092147,1
h0,358.965,971.000247197379,1
