h0,403.323,977.00024534534,1
h0,377.534,978.000236259317,1
h0,351.8,979.000240173479,1
h0,326.085,980.000244087701,1
h0,300.403,981.000235002037,1
h0,274.683,982.000238916243,1
h0,249.004,983.000242830589,1
h0,223.316,984.000246744903,1
h0,197.635,985.000237659239,1
h0,171.978,986.000241573659,1
h0,146.333,987.000245488113,1
h0,120.668,988.000236402505,1
h0,95.0126,989.000240316928,1
h0,69.424,990.000244231574,1
h0,43.9097,991.000235146467,1
h0,18.921,992.000239063114,1
h0,10.1357,993.000243033809,1
h0,34.1291,994.000234113842,1
h0,59.5271,995.000238198561,1
h0,85.8813,996.000242286469,1
h0,114.147,997.000246380753,1
h0,143.443,998.000237478475,1
h0,172.45,999.000241575231,1
h0,200.936,1000.00024567025,1
h0,229.723,1001.000236766272,1
h0,260.009,1002.000240867297,1
h0,291.892,1003.000244973647,1
h0,325.003,1004.000236084095,1
h0,356.861,1005.000240190361,1
