h0,389.465,974.000246299116,1
h0,361.561,975.000237206039,1
h0,333.643,976.000241112912,1
h0,305.746,977.00024501986,1
h0,277.816,978.000235926693,1
h0,249.915,979.000239833628,1
h0,222.02,980.000243740577,1
h0,194.156,981.000234647634,1
h0,166.242,982.000238554524,1
h0,138.343,983.000242461462,1
h0,110.469,984.000246368485,1
h0,82.7668,985.00023727608,1
h0,56.2469,986.00024118762,1
h0,31.0923,987.000245103713,1
h0,8.74682,988.000236029176,1
h0,18.7183,989.000240062438,1
h0,40.8928,990.000244136404,1
h0,62.8974,991.000235209803,1
h0,84.485,992.000239281812,1
h0,105.614,993.00024335229,1
h0,126.431,994.000234421729,1
h0,147.04,995.000238490472,1
h0,168.302,996.000242561395,1
h0,190.862,997.000246636647,1
h0,214.604,998.000237715842,1
h0,238.509,999.000241795581,1
h0,262.529,1000.000245875704,1
h0,286.618,1001.000236956056,1
h0,310.691,1002.000241036352,1
h0,334.798,1003.000245116765,1
h0,358.899,1004.000236197159,1
