h0,399.676,963.000241333175,1
h0,369.738,964.000245233314,1
h0,337.62,965.000236126179,1
h0,305.07,966.000240017603,1
h0,272.92,967.000243910363,1
h0,241.058,968.000234804082,1
h0,209.482,969.000238698758,1
h0,178.143,970.00024259422,1
h0,147.05,971.000246490507,1
h0,116.055,972.000237387117,1
h0,86.0702,973.000241287099,1
h0,57.1589,974.000245190662,1
h0,28.227,975.000236094155,1
h0,3.20059,976.000240010676,1
h0,27.0384,977.00024409019,1
h0,52.8524,978.000235176297,1
h0,76.6694,979.000239255741,1
h0,98.6646,980.00024332911,1
h0,119.669,981.000234399174,1
h0,140.84,982.000238469792,1
h0,161.946,983.000242540194,1
h0,181.812,984.00024660646,1
h0,200.692,985.000237669438,1
h0,218.57,986.00024172907,1
h0,235.614,987.000245785925,1
h0,253.523,988.000236845661,1
h0,272.675,989.000240909545,1
h0,290.719,990.000244969735,1
h0,307.529,991.000236025805,1
h0,323.431,992.000240078851,1
h0,340.019,993.000244134181,1
h0,357.878,994.000235193754,1
h0,374.697,995.000239249856,1
