h0,405.847,949.000237353761,1
h0,366.546,950.000241222667,1
h0,327.283,951.000245091698,1
h0,288.045,952.000235960814,1
h0,249.459,953.000239832106,1
h0,211.841,954.000243706624,1
h0,175.032,955.000234583846,1
h0,138.92,956.000238463388,1
h0,103.418,957.000242344966,1
h0,68.5174,958.000246228549,1
h0,33.2297,959.000237110842,1
h0,5.11944,960.000241017077,1
h0,42.6895,961.000245142397,1
h0,81.4611,962.000236271725,1
h0,120.344,963.000240401425,1
h0,159.273,964.000244531277,1
h0,198.216,965.000235661177,1
h0,237.159,966.000239791077,1
h0,276.174,967.000243921218,1
h0,315.183,968.000235051336,1
h0,354.248,969.000239181643,1
