h0,388.955,958.000247297415,1
h0,358.625,959.000238196244,1
h0,327.044,960.000242090903,1
h0,294.799,961.000245983342,1
h0,262.433,962.000236875381,1
h0,229.863,963.000240766741,1
h0,197.164,964.000244657668,1
h0,164.365,965.000235548263,1
h0,131.566,966.000239438856,1
h0,98.7206,967.000243329296,1
h0,65.7576,968.000234219344,1
h0,32.2987,969.000238107737,1
h0,4.04193,970.000242013482,1
h0,38.5535,971.000246128601,1
h0,74.9824,972.000237250114,1
h0,111.002,973.000241370262,1
h0,146.502,974.000245488677,1
h0,181.791,975.000236606388,1
h0,217.045,976.000240723983,1
h0,252.096,977.000244840903,1
h0,286.884,978.000235956944,1
h0,321.409,979.000240072106,1
h0,355.738,980.000244186613,1
