h0,53.6399,933.000245178923,1
h0,58.121,934.000236193871,1
h0,61.4863,935.000240205096,1
h0,64.7003,936.000244215817,1
h0,67.6797,937.000235225755,1
h0,68.9164,938.00023922988,1
h0,68.137,939.000243227281,1
h0,67.529,940.000234225252,1
h0,67.595,941.000238225473,1
h0,68.9207,942.000242229895,1
h0,72.8209,943.000246242904,1
h0,77.5936,944.000237258824,1
h0,81.7701,945.000241272756,1
h0,85.4461,946.000245285017,1
h0,88.7399,947.000236296005,1
h0,91.6769,948.000240305801,1
h0,94.3078,949.000244314577,1
h0,96.7525,950.000235322732,1
h0,99.0039,951.000239330242,1
h0,101.21,952.000243337601,1
h0,103.257,953.000234344428,1
h0,105.264,954.000238351123,1
h0,107.253,955.000242357756,1
h0,109.26,956.000246364453,1
h0,111.163,957.000237370801,1
h0,113.108,958.000241377289,1
h0,114.994,959.000245383578,1
h0,116.874,960.000236389848,1
h0,118.76,961.000240396141,1
h0,120.618,962.00024440234,1
h0,122.51,963.00023540865,1
h0,124.377,964.000239414877,1
h0,126.224,965.000243421039,1
h0,128.086,966.00023442725,1
h0,129.993,967.000238433611,1
h0,131.863,968.000242439847,1
h0,133.745,969.000246446127,1
h0,135.612,970.000237452352,1
h0,137.407,971.000241458342,1
h0,137.859,972.000245459848,1
h0,137.341,973.000236458119,1
h0,136.535,974.000240455432,1
h0,135.587,975.000244452269,1
h0,134.788,976.000235449606,1
h0,134.309,977.000239448008,1
h0,134.336,978.000243448097,1
h0,133.987,979.000234446933,1
h0,133.589,980.000238445605,1
h0,134.159,981.000242447505,1
h0,135.583,982.000246452256,1
h0,137.479,983.000237458581,1
h0,139.762,984.000241466195,1
h0,142.348,985.00024547482,1
h0,145.034,986.000236483782,1
h0,147.777,987.000240492933,1
h0,150.522,988.000244502087,1
h0,153.245,989.00023551117,1
h0,155.859,990.000239519889,1
h0,158.492,991.000243528674,1
h0,160.918,992.000234536765,1
h0,163.241,993.000238544514,1
h0,165.421,994.000242551786,1
h0,167.437,995.000246558508,1
h0,169.285,996.000237564673,1
h0,171.034,997.000241570509,1
h0,172.584,998.00024557568,1
h0,174.046,999.000236580556,1
h0,175.415,1000.000240585121,1
h0,176.659,1001.000244589272,1
h0,177.78,1002.00023559301,1
h0,178.82,1003.000239596478,1
h0,179.727,1004.000243599504,1
h0,180.603,1005.000234602427,1
h0,181.379,1006.000238605014,1
h0,181.998,1007.00024260708,1
h0,182.616,1008.000246609141,1
h0,183.225,1009.000237611173,1
h0,183.764,1010.000241612972,1
h0,184.191,1011.000245614394,1
h0,184.449,1012.000236615256,1
h0,184.359,1013.000240614955,1
h0,183.989,1014.00024461372,1
h0,183.303,1015.000235611432,1
h0,182.357,1016.000239608276,1
h0,181.183,1017.000243604363,1
h0,179.794,1018.000234599729,1
h0,178.172,1019.000238594317,1
h0,176.38,1020.000242588339,1
h0,174.447,1021.000246581894,1
h0,172.352,1022.000237574904,1
h0,170.574,1023.000241568974,1
h0,168.815,1024.000245563107,1
h0,165.121,1025.000236550785,1
h0,159.665,1026.000240532585,1
h0,153.444,1027.000244511834,1
h0,146.711,1028.000235489377,1
h0,139.638,1029.000239465783,1
h0,132.454,1030.000243441818,1
h0,125.334,1031.00023441807,1
h0,118.237,1032.000238394396,1
h0,111.352,1033.000242371432,1
h0,104.502,1034.00024634858,1
h0,97.2941,1035.000237324538,1
h0,89.8321,1036.000241299648,1
h0,80.8344,1037.000245269635,1
h0,70.9547,1038.000236236679,1
h0,61.864,1039.000240206356,1
h0,53.4961,1040.000244178444,1
h0,45.7513,1041.00023515261,1
h0,38.6968,1042.000239129079,1
h0,32.1697,1043.000243107307,1
h0,26.1779,1044.00023408732,1
h0,20.6754,1045.000238068966,1
h0,15.2302,1046.000242050803,1
h0,9.1519,1047.000246030527,1
h0,3.87083,1048.000237012912,1
h0,4.94714,1049.000241016502,1
h0,9.86676,1050.000245032912,1
h0,14.753,1051.000236049211,1
h0,19.6228,1052.000240065455,1
h0,24.0595,1053.000244080254,1
h0,28.1692,1054.000235093962,1
h0,32.1413,1055.000239107212,1
h0,35.8643,1056.00024311963,1
h0,39.3601,1057.000234131291,1
h0,42.6829,1058.000238142375,1
h0,45.8519,1059.000242152946,1
h0,48.8911,1060.000246163083,1
h0,51.8084,1061.000237172814,1
h0,54.6446,1062.000241182275,1
h0,57.4424,1063.000245191607,1
h0,60.1526,1064.000236200648,1
h0,62.8216,1065.00024020955,1
h0,65.4206,1066.00024421822,1
h0,67.9945,1067.000235226805,1
h0,70.5386,1068.000239235292,1
h0,73.0636,1069.000243243714,1
h0,75.624,1070.000234252254,1
h0,78.2109,1071.000238260884,1
h0,80.9126,1072.000242269895,1
h0,83.6809,1073.00024627913,1
h0,86.6003,1074.000237288867,1
h0,89.7016,1075.000241299212,1
h0,93.0378,1076.000245310341,1
h0,96.7711,1077.000236322794,1
h0,101.042,1078.00024033704,1
h0,106.029,1079.000244353673,1
h0,111.945,1080.000235373408,1
h0,119.038,1081.000239397068,1
h0,127.429,1082.000243425057,1
h0,137.254,1083.000234457831,1
h0,148.643,1084.000238495819,1
h0,161.701,1085.000242539376,1
h0,176.498,1086.000246588732,1
h0,193.316,1087.000237644831,1
