h0,402.842,944.000243343737,1
h0,370.343,945.000247235331,1
h0,337.632,946.000238126218,1
h0,304.991,947.000242017341,1
h0,272.428,948.000245908721,1
h0,239.788,949.000236799848,1
h0,207.194,950.000240691126,1
h0,174.677,951.00024458266,1
h0,142.103,952.000235474005,1
h0,109.559,953.00023936545,1
h0,77.058,954.000243257038,1
h0,44.6079,955.000234148796,1
h0,12.4089,956.000238041392,1
h0,20.7787,957.00024206931,1
h0,53.1094,958.000246177154,1
h0,85.5879,959.000237285491,1
h0,118.196,960.000241394259,1
h0,152.403,961.00024550836,1
h0,188.388,962.000236628396,1
h0,224.3,963.000240748185,1
h0,260.046,964.000244867419,1
h0,296.111,965.000235987721,1
h0,331.748,966.000240106592,1
h0,367.085,967.000244224463,1
