h0,413.986,945.000247380909,1
h0,372.233,946.000238241634,1
h0,330.486,947.000242102384,1
h0,288.739,948.00024596313,1
h0,247.082,949.000236824178,1
h0,206.243,950.000240687952,1
h0,166.98,951.000244556987,1
h0,129.311,952.000235431335,1
h0,93.3507,953.000239311384,1
h0,58.8045,954.000243196151,1
h0,25.6332,955.000234085503,1
h0,7.47169,956.000238024923,1
h0,38.1496,957.000242127253,1
h0,68.5777,958.000246228751,1
h0,98.4356,959.000237328346,1
h0,127.746,960.000241426115,1
h0,156.658,961.000245522556,1
h0,186.26,962.000236621295,1
h0,217.548,963.000240725661,1
h0,250.541,964.000244835715,1
h0,285.127,965.000235951083,1
h0,320.769,966.000240069969,1
h0,357.583,967.000244192768,1
