h0,407.837,967.000244360399,1
h0,384.078,968.000235281148,1
h0,359.479,969.000239199094,1
h0,333.602,970.000243112777,1
h0,306.406,971.00024702206,1
h0,279.187,972.000237931268,1
h0,252.671,973.000241842818,1
h0,226.767,974.000245756412,1
h0,201.585,975.000236672416,1
h0,176.977,976.00024059033,1
h0,152.943,977.000244510163,1
h0,129.463,978.000235431843,1
h0,106.441,979.000239355049,1
h0,83.7687,980.000243279422,1
h0,59.6063,981.000234198825,1
h0,34.2932,982.00023811439,1
h0,10.2615,983.000242034229,1
h0,14.0183,984.00024604676,1
h0,36.3991,985.000237121414,1
h0,58.3125,986.00024119451,1
h0,79.8295,987.000245266283,1
h0,100.949,988.00023633673,1
h0,121.634,989.000240405726,1
h0,141.957,990.000244473516,1
h0,161.941,991.000235540178,1
h0,181.66,992.000239605953,1
h0,201.928,993.000243673559,1
h0,224.915,994.000234750235,1
h0,249.941,995.000238833713,1
h0,274.429,996.000242915397,1
h0,298.284,997.000246994967,1
h0,321.65,998.000238072909,1
h0,344.83,999.000242150228,1
h0,368.942,1000.00024623066,1
