h0,397.643,963.000241326393,1
h0,374.64,964.000245249664,1
h0,351.629,965.000236172907,1
h0,328.6,966.000240096093,1
h0,305.524,967.00024401912,1
h0,282.461,968.000234942187,1
h0,259.409,969.000238865295,1
h0,236.542,970.00024278902,1
h0,214.793,971.000246716473,1
h0,194.13,972.000237647548,1
h0,174.414,973.000241581783,1
h0,155.486,974.000245518644,1
h0,137.157,975.000236457506,1
h0,119.316,976.000240397995,1
h0,101.89,977.000244339867,1
h0,84.7655,978.000235282747,1
h0,67.9857,979.000239226776,1
h0,51.4705,980.000243171687,1
h0,35.3134,981.000234117793,1
h0,20.0149,982.000238066763,1
h0,9.68303,983.000242032299,1
h0,17.6774,984.000246058965,1
h0,32.3531,985.000237107918,1
h0,47.8674,986.000241159668,1
h0,63.6286,987.000245212242,1
h0,79.959,988.000236266714,1
h0,98.812,989.000240329601,1
h0,119.523,990.000244398686,1
h0,142.186,991.00023547428,1
h0,165.393,992.000239551693,1
h0,188.812,993.000243629809,1
h0,212.389,994.000234708453,1
h0,236.111,995.000238787581,1
h0,259.952,996.000242867106,1
h0,283.908,997.000246947016,1
h0,307.975,998.000238027294,1
h0,332.075,999.000242107684,1
h0,356.18,1000.000246188087,1
