h0,405.238,984.000247351728,1
h0,381.474,985.00023827246,1
h0,358.302,986.000242195166,1
h0,335.659,987.000246119638,1
h0,313.556,988.000237045911,1
h0,291.871,989.000240973578,1
h0,270.579,990.000244902554,1
h0,249.622,991.000235832648,1
h0,228.916,992.000239763582,1
h0,208.432,993.000243695255,1
h0,188.195,994.00023462775,1
h0,168.152,995.000238560896,1
h0,148.169,996.000242494239,1
h0,128.333,997.000246428073,1
h0,108.605,998.000237362268,1
h0,88.9108,999.000241296574,1
h0,69.234,1000.00024523094,1
h0,49.5637,1001.000236165327,1
h0,29.9287,1002.000240099831,1
h0,11.2468,1003.000244037515,1
h0,12.6252,1004.000235042113,1
h0,31.8057,1005.000239106093,1
h0,51.9859,1006.000243173406,1
h0,72.4478,1007.00023424166,1
h0,93.1717,1008.000238310788,1
h0,113.992,1009.000242380235,1
h0,135.002,1010.00024645032,1
h0,156.126,1011.000237520782,1
h0,177.355,1012.000241591593,1
h0,198.76,1013.00024566299,1
h0,220.256,1014.000236734694,1
h0,242.699,1015.000240809556,1
h0,267.326,1016.000244891703,1
h0,293.905,1017.00023598036,1
h0,322.422,1018.000240075485,1
h0,352.876,1019.000244177068,1
