h0,397.293,956.000239325228,1
h0,368.521,957.000243229255,1
h0,340.674,958.000247136367,1
h0,313.7,959.000238046389,1
h0,287.254,960.000241958175,1
h0,261.438,961.000245872062,1
h0,235.897,962.000236786869,1
h0,210.444,963.000240701967,1
h0,185.043,964.000244617238,1
h0,159.762,965.000235532909,1
h0,134.473,966.000239448552,1
h0,109.173,967.000243364162,1
h0,83.8452,968.000234279677,1
h0,58.5498,969.000238195301,1
h0,33.1503,970.000242110578,1
h0,8.17395,971.000246027265,1
h0,18.2626,972.000237060917,1
h0,43.6449,973.000241145584,1
h0,69.098,974.000245230486,1
h0,94.4287,975.00023631498,1
h0,119.514,976.000240398657,1
h0,144.355,977.000244481517,1
h0,168.962,978.000235563597,1
h0,193.603,979.000239645789,1
h0,218.546,980.00024372899,1
h0,244.361,981.000234815102,1
h0,270.946,982.000238903779,1
h0,298.003,983.000242994031,1
h0,325.913,984.00024708713,1
h0,354.287,985.000238181775,1
