h0,392.312,990.000245308613,1
h0,367.124,991.000236224595,1
h0,341.839,992.000240140251,1
h0,316.465,993.000244055615,1
h0,291.06,994.000234970871,1
h0,265.639,995.000238886076,1
h0,240.294,996.000242801535,1
h0,214.934,997.000246716944,1
h0,188.209,998.000237627797,1
h0,160.409,999.000241535068,1
h0,133.528,1000.000245445403,1
h0,107.646,1001.000236359068,1
h0,82.5474,1002.000240275348,1
h0,58.1688,1003.00024419403,1
h0,34.4817,1004.000235115019,1
h0,11.919,1005.000239039758,1
h0,16.3003,1006.000243054372,1
h0,41.837,1007.000234139553,1
h0,68.6615,1008.00023822903,1
h0,95.8596,1009.000242319753,1
h0,122.352,1010.000246408122,1
h0,148.15,1011.000237494175,1
h0,173.342,1012.000241578208,1
h0,197.985,1013.000245660408,1
h0,222.14,1014.00023674098,1
h0,245.918,1015.000240820295,1
h0,269.337,1016.00024489841,1
h0,292.496,1017.000235975661,1
h0,315.381,1018.000240051999,1
h0,338.124,1019.000244127859,1
h0,360.65,1020.000235202998,1
