h0,414.471,944.000243382527,1
h0,380.834,945.000247270327,1
h0,348.154,946.000238161317,1
h0,316.237,947.000242054854,1
h0,284.937,948.000245950449,1
h0,254.092,949.000236847561,1
h0,223.692,950.000240746155,1
h0,193.556,951.000244645634,1
h0,163.68,952.000235545978,1
h0,133.988,953.000239446937,1
h0,103.357,954.000243344761,1
h0,71.2931,955.000234237808,1
h0,37.6112,956.000238125457,1
h0,3.78142,957.000242012613,1
h0,35.3911,958.000246118052,1
h0,74.4377,959.000237248297,1
h0,114.892,960.000241383238,1
h0,155.647,961.000245519184,1
h0,196.521,962.000236655523,1
h0,237.555,963.000240792397,1
h0,278.661,964.000244929514,1
h0,319.814,965.000236066783,1
h0,361.039,966.000240204296,1
