h0,413.966,953.000240380843,1
h0,373.287,954.00024424515,1
h0,332.581,955.000235109372,1
h0,291.859,956.000238973535,1
h0,251.117,957.000242837635,1
h0,210.413,958.000246701863,1
h0,169.696,959.000237566046,1
h0,128.983,960.000241430241,1
h0,88.2891,961.000245294501,1
h0,47.6335,962.000236158888,1
h0,7.52091,963.000240025087,1
h0,34.1127,964.000244113788,1
h0,74.7708,965.000235249408,1
h0,115.488,966.000239385227,1
h0,156.212,967.000243521068,1
h0,196.935,968.000234656905,1
h0,237.669,969.000238792778,1
h0,278.394,970.000242928623,1
h0,319.132,971.000247064508,1
h0,359.878,972.000238200423,1
