h0,390.041,948.000246301036,1
h0,360.243,949.000237201642,1
h0,330.402,950.000241102101,1
h0,300.532,951.000245002468,1
h0,270.611,952.00023590266,1
h0,240.691,953.000239802859,1
h0,211.221,954.000243704556,1
h0,183.876,955.000234613343,1
h0,158.713,956.00023852941,1
h0,135.488,957.000242451939,1
h0,113.875,958.000246379846,1
h0,93.0869,959.000237310504,1
h0,71.7071,960.000241239189,1
h0,50.8005,961.000245169452,1
h0,31.2458,962.000236104225,1
h0,15.0877,963.000240050327,1
h0,12.8002,964.000244042697,1
h0,31.8035,965.000235106085,1
h0,53.8649,966.000239179674,1
h0,74.9296,967.000243249938,1
h0,94.754,968.000234316065,1
h0,113.556,969.000238378781,1
h0,131.48,970.000242438571,1
h0,148.669,971.000246495906,1
h0,165.373,972.000237551627,1
h0,181.652,973.000241605926,1
h0,197.612,974.000245659162,1
h0,213.784,975.000236713107,1
h0,231.836,976.000240773323,1
h0,251.904,977.00024484026,1
h0,273.923,978.000235913709,1
h0,297.956,979.000239993875,1
h0,324.034,980.000244080861,1
h0,352.019,981.00023517421,1
