h0,378.123,950.000241261283,1
h0,338.271,951.000245128351,1
h0,298.318,952.000235995082,1
h0,258.296,953.000239861581,1
h0,218.226,954.000243727925,1
h0,178.213,955.000234594453,1
h0,138.758,956.000238462847,1
h0,99.9006,957.000242333232,1
h0,61.6246,958.000246205558,1
h0,23.9519,959.000237079895,1
h0,13.9921,960.000241046672,1
h0,50.6174,961.000245168841,1
h0,86.8061,962.000236289554,1
h0,121.819,963.000240406344,1
h0,155.799,964.000244519691,1
h0,189.372,965.000235631677,1
h0,223.935,966.000239746966,1
h0,258.883,967.00024386354,1
h0,293.654,968.000234979523,1
h0,328.251,969.000239094929,1
h0,362.688,970.000243209798,1
