h0,404.374,945.000247348846,1
h0,374.868,946.000238250427,1
h0,344.185,947.000242148077,1
h0,312.231,948.00024604149,1
h0,278.913,949.000236930352,1
h0,244.036,950.000240814017,1
h0,208.053,951.000244693991,1
h0,171.726,952.000235572815,1
h0,135.697,953.000239452637,1
h0,100.196,954.000243334217,1
h0,64.9691,955.000234216714,1
h0,29.745,956.000238099219,1
h0,6.43398,957.000242021461,1
h0,40.532,958.0002461352,1
h0,74.9539,959.000237250019,1
h0,109.065,960.000241363801,1
h0,142.831,961.000245476434,1
h0,176.302,962.000236588081,1
h0,209.475,963.000240698734,1
h0,242.38,964.000244808492,1
h0,274.942,965.000235917106,1
h0,307.268,966.000240024937,1
h0,339.384,967.000244132065,1
h0,371.295,968.000235238508,1
