h0,411.91,956.000239373982,1
h0,389.334,957.000243298678,1
h0,367.18,958.000247224781,1
h0,345.69,959.000238153098,1
h0,324.878,960.000242083676,1
h0,304.624,961.000246016115,1
h0,284.904,962.000236950337,1
h0,265.594,963.000240885927,1
h0,246.653,964.000244822747,1
h0,228.015,965.000235760575,1
h0,209.614,966.000239699197,1
h0,191.421,967.000243638511,1
h0,173.336,968.000234578187,1
h0,155.394,969.000238518338,1
h0,137.536,970.000242458769,1
h0,119.796,971.000246399598,1
h0,102.1,972.000237340569,1
h0,84.4557,973.000241281714,1
h0,66.8549,974.000245223004,1
h0,49.3091,975.000236164478,1
h0,31.8768,976.00024010633,1
h0,15.0494,977.000244050199,1
h0,7.56947,978.000235025249,1
h0,22.5721,979.000239075292,1
h0,39.7411,980.000243132562,1
h0,57.1434,981.00023419061,1
h0,74.6613,982.000238249043,1
h0,92.1688,983.000242307442,1
h0,109.675,984.000246365836,1
h0,127.235,985.000237424412,1
h0,144.827,986.000241483089,1
h0,162.369,987.000245541606,1
h0,179.937,988.000236600206,1
h0,197.475,989.000240658705,1
h0,215.085,990.000244717447,1
h0,232.673,991.000235776114,1
h0,250.271,992.000239834815,1
h0,267.82,993.000243893352,1
h0,285.37,994.000234951891,1
h0,302.943,995.00023901051,1
h0,320.511,996.000243069111,1
h0,338.044,997.000247127592,1
h0,355.602,998.00023818616,1
h0,373.403,999.000242245538,1
