h0,398.848,957.000247330414,1
h0,364.297,958.000238215164,1
h0,330.321,959.000242101831,1
h0,296.928,960.000245990446,1
h0,263.861,961.000236880147,1
h0,231.205,962.000240771216,1
h0,198.932,963.000244663566,1
h0,167.053,964.00023555723,1
h0,135.515,965.000239452031,1
h0,104.239,966.000243347705,1
h0,73.2273,967.00023424426,1
h0,40.6127,968.000238135469,1
h0,8.29985,969.000242027685,1
h0,30.0349,970.000246100186,1
h0,62.7409,971.000237209281,1
h0,94.3342,972.000241314665,1
h0,124.776,973.000245416206,1
h0,154.208,974.000236514382,1
h0,182.848,975.000240609917,1
h0,210.797,976.000244703143,1
h0,237.478,977.000235792141,1
h0,262.661,978.000239876141,1
h0,286.515,979.000243955711,1
h0,309.119,980.00023503111,1
h0,330.635,981.000239102879,1
h0,351.211,982.000243171514,1
h0,370.884,983.000247237135,1
