h0,144.335,913.000235481449,1
h0,160.009,914.000239533734,1
h0,173.462,915.000243578608,1
h0,184.462,916.0002346153,1
h0,192.918,917.000238643506,1
h0,198.952,918.000242663632,1
h0,202.624,919.00024667588,1
h0,203.997,920.000237680461,1
h0,203.063,921.000241677345,1
h0,200.254,922.000245667977,1
h0,197.549,923.000236658953,1
h0,194.409,924.000240648477,1
h0,191.292,925.000244638081,1
h0,187.971,926.000235627003,1
h0,185.269,927.000239617991,1
h0,183.607,928.000243612446,1
h0,183.259,929.000234611285,1
h0,183.367,930.000238611648,1
h0,182.652,931.000242609262,1
h0,181.179,932.000246604347,1
h0,179.123,933.00023759749,1
h0,176.327,934.000241588164,1
h0,173.16,935.000245577598,1
h0,169.546,936.000236565546,1
h0,166.013,937.00024055376,1
h0,162.731,938.000244542811,1
h0,159.694,939.000235532681,1
h0,156.876,940.000239523282,1
h0,154.22,941.000243514423,1
h0,151.825,942.000234506432,1
h0,149.651,943.000238499183,1
h0,147.814,944.000242493055,1
h0,146.087,945.000246487295,1
h0,144.501,946.000237482005,1
h0,143.058,947.00024147719,1
h0,140.954,948.000245470173,1
h0,137.591,949.000236458956,1
h0,133.982,950.000240446916,1
h0,130.816,951.000244436354,1
h0,127.972,952.000235426868,1
h0,125.473,953.000239418534,1
h0,123.359,954.000243411482,1
h0,121.521,955.00023440535,1
h0,119.862,956.000238399815,1
h0,118.436,957.000242395061,1
h0,117.215,958.000246390988,1
h0,116.21,959.000237387634,1
h0,115.541,960.000241385404,1
h0,116.025,961.000245387017,1
h0,117.513,962.000236391982,1
h0,119.803,963.000240399618,1
h0,122.937,964.000244410075,1
h0,126.301,965.000235421296,1
h0,128.276,966.000239427882,1
h0,129.393,967.000243431608,1
h0,129.736,968.000234432752,1
h0,129.457,969.000238431823,1
h0,128.658,970.000242429158,1
h0,127.442,971.000246425101,1
h0,125.913,972.00023742,1
h0,124.075,973.000241413871,1
h0,122.065,974.000245407164,1
h0,119.909,975.000236399973,1
h0,117.648,976.000240392432,1
h0,115.312,977.00024438464,1
h0,113.054,978.000235377108,1
h0,109.888,979.000239366546,1
h0,104.984,980.000243350188,1
h0,100.184,981.000234334176,1
h0,95.9708,982.000238320124,1
h0,92.4648,983.000242308429,1
h0,90.9159,984.000246303263,1
h0,90.6007,985.000237302212,1
h0,89.8274,986.000241299632,1
h0,88.7143,987.000245295919,1
h0,87.3967,988.000236291524,1
h0,86.2491,989.000240287696,1
h0,85.1189,990.000244283926,1
h0,84.0331,991.000235280304,1
h0,83.054,992.000239277038,1
h0,82.1207,993.000243273925,1
h0,80.2744,994.000234267766,1
h0,76.8418,995.000238256317,1
h0,73.4008,996.000242244839,1
h0,70.4796,997.000246235095,1
h0,68.0191,998.000237226887,1
h0,66.0409,999.000241220289,1
h0,64.3905,1000.000245214784,1
h0,63.0276,1001.000236210237,1
h0,61.9463,1002.000240206631,1
h0,60.9612,1003.000244203345,1
h0,60.2352,1004.000235200923,1
h0,59.6469,1005.000239198961,1
h0,59.2035,1006.000243197482,1
h0,58.8171,1007.000234196193,1
h0,58.7147,1008.000238195851,1
h0,59.1266,1009.000242197225,1
h0,60.1546,1010.000246200654,1
h0,60.7386,1011.000237202602,1
h0,60.8317,1012.000241202913,1
h0,60.5075,1013.000245201831,1
h0,59.9187,1014.000236199867,1
h0,59.0988,1015.000240197132,1
h0,58.1493,1016.000244193965,1
h0,57.1355,1017.000235190584,1
h0,56.062,1018.000239187003,1
h0,54.9914,1019.000243183432,1
h0,53.1572,1020.000234177313,1
h0,49.2792,1021.000238164378,1
h0,44.7614,1022.000242149308,1
h0,40.9717,1023.000246136667,1
h0,37.8651,1024.000237126304,1
h0,35.2752,1025.000241117665,1
h0,33.0935,1026.000245110388,1
h0,31.214,1027.000236104119,1
h0,29.6151,1028.000240098785,1
h0,28.2031,1029.000244094075,1
h0,26.9478,1030.000235089888,1
h0,25.8107,1031.000239086095,1
h0,24.7547,1032.000243082573,1
h0,23.8243,1033.000234079469,1
h0,22.5918,1034.000238075358,1
h0,20.1233,1035.000242067124,1
h0,16.206,1036.000246054057,1
h0,10.8691,1037.000237036255,1
h0,4.47749,1038.000241014935,1
h0,6.77854,1039.000245022611,1
h0,17.099,1040.000236057036,1
h0,29.5112,1041.000240098439,1
h0,43.8792,1042.000244146365,1
