h0,408.207,975.000237361632,1
h0,393.447,976.000241312397,1
h0,378.771,977.000245263446,1
h0,364.116,978.000236214559,1
h0,349.495,979.00024016579,1
h0,334.863,980.000244116982,1
h0,320.218,981.000235068134,1
h0,305.607,982.000239019395,1
h0,291.029,983.000242970768,1
h0,276.419,984.000246922036,1
h0,261.712,985.000237872977,1
h0,245.688,986.000241819528,1
h0,228.348,987.000245761686,1
h0,211.424,988.000236705235,1
h0,195.015,989.000240650502,1
h0,178.977,990.000244597003,1
h0,163.306,991.000235544729,1
h0,147.885,992.00023949329,1
h0,132.686,993.000243442594,1
h0,117.668,994.000234392497,1
h0,102.841,995.000238343041,1
h0,88.1031,996.00024229388,1
h0,73.4659,997.000246245056,1
h0,58.9047,998.000237196485,1
h0,44.4986,999.000241148431,1
h0,30.3789,1000.000245101333,1
h0,17.116,1001.000236057093,1
h0,9.61231,1002.000240032063,1
h0,17.8941,1003.000244059688,1
h0,31.2271,1004.000235104162,1
h0,45.367,1005.000239151328,1
h0,59.6961,1006.000243199125,1
h0,74.1466,1007.000234247327,1
h0,88.639,1008.000238295668,1
h0,103.162,1009.000242344112,1
h0,117.733,1010.000246392714,1
h0,132.272,1011.000237441212,1
h0,146.837,1012.000241489795,1
h0,161.417,1013.00024553843,1
h0,176.644,1014.00023658922,1
h0,193.629,1015.000240645877,1
h0,211.153,1016.00024470433,1
h0,228.988,1017.000235763823,1
h0,247.072,1018.000239824144,1
h0,265.287,1019.000243884901,1
h0,284.123,1020.000234947733,1
h0,304.036,1021.000239014155,1
h0,324.917,1022.000243083807,1
h0,346.033,1023.000247154241,1
h0,367.248,1024.000238225009,1
