h0,409.056,950.000241364464,1
h0,376.681,951.000245256472,1
h0,344.534,952.000236149241,1
h0,311.917,953.000240040443,1
h0,277.637,954.000243926096,1
h0,242.752,955.000234809732,1
h0,208.921,956.000238696887,1
h0,176.025,957.000242587155,1
h0,143.905,958.000246480015,1
h0,112.587,959.000237375551,1
h0,81.9329,960.000241273299,1
h0,51.8046,961.000245172801,1
h0,22.2969,962.000236074375,1
h0,7.90107,963.000240026355,1
h0,37.6698,964.000244125653,1
h0,69.6543,965.000235232342,1
h0,102.461,966.000239341774,1
h0,134.67,967.000243449211,1
h0,166.391,968.000234555021,1
h0,197.839,969.00023865992,1
h0,229.009,970.000242763892,1
h0,260.017,971.000246867322,1
h0,290.936,972.000237970458,1
h0,321.824,973.000242073488,1
h0,352.697,974.000246176469,1
