h0,379.911,949.000237267245,1
h0,331.63,950.000241106199,1
h0,283.307,951.00024494501,1
h0,234.986,952.000235783831,1
h0,186.631,953.000239622534,1
h0,138.278,954.000243461244,1
h0,89.9379,955.0002343,1
h0,41.6943,956.000238139077,1
h0,7.44946,957.000242024849,1
h0,53.9605,958.000246179993,1
h0,99.5999,959.00023733223,1
h0,143.945,960.000241480148,1
h0,187.269,961.000245624662,1
h0,230.399,962.000236768529,1
h0,273.761,963.000240913169,1
h0,317.543,964.000245059208,1
h0,361.039,965.000236204298,1
