h0,401.936,944.000243340714,1
h0,368.485,945.000247229132,1
h0,334.653,946.000238116281,1
h0,300.936,947.000242003815,1
h0,268.067,948.000245894174,1
h0,236.74,949.00023678968,1
h0,206.819,950.000240689875,1
h0,178.29,951.000244594713,1
h0,151.083,952.000235503958,1
h0,125.095,953.000239417273,1
h0,100.273,954.000243334476,1
h0,76.5015,955.000234255182,1
h0,53.834,956.000238179571,1
h0,32.1983,957.000242107402,1
h0,12.3107,958.000246041064,1
h0,11.6562,959.000237038881,1
h0,29.977,960.000241099993,1
h0,48.648,961.000245162272,1
h0,67.1258,962.000236223908,1
h0,85.9462,963.000240286686,1
h0,105.519,964.000244351973,1
h0,126.126,965.00023542071,1
h0,147.954,966.000239493522,1
h0,170.855,967.000243569909,1
h0,194.247,968.000234647938,1
h0,217.889,969.000238726798,1
h0,241.817,970.000242806616,1
h0,265.889,971.000246886911,1
h0,290.305,972.000237968353,1
h0,314.916,973.000242050448,1
h0,339.69,974.000246133082,1
h0,364.584,975.000237216122,1
