h0,389.388,949.000237298859,1
h0,357.646,950.000241192979,1
h0,325.989,951.000245087382,1
h0,293.01,952.000235977375,1
h0,258.195,953.000239861247,1
h0,221.694,954.000243739491,1
h0,184.812,955.000234616466,1
h0,148.133,956.000238494119,1
h0,111.675,957.000242372506,1
h0,75.3532,958.000246251351,1
h0,39.2179,959.000237130817,1
h0,4.39153,960.000241014649,1
h0,33.1578,961.000245110602,1
h0,68.9173,962.000236229883,1
h0,104.465,963.000240348457,1
h0,139.568,964.000244465547,1
h0,174.313,965.000235581445,1
h0,208.661,966.000239696019,1
h0,242.612,967.000243809266,1
h0,276.299,968.000234921634,1
h0,309.637,969.000239032838,1
h0,342.725,970.000243143206,1
h0,375.518,971.000247252592,1
