h0,399.213,950.000241331632,1
h0,368.362,951.000245228723,1
h0,338.379,952.000236128711,1
h0,309.36,953.000240031912,1
h0,281.125,954.000243937733,1
h0,253.567,955.00023484581,1
h0,226.425,956.000238755274,1
h0,199.067,957.000242664017,1
h0,171.297,958.000246571387,1
h0,143.695,959.000237479313,1
h0,116.345,960.000241388085,1
h0,89.3439,961.000245298019,1
h0,62.8466,962.000236209634,1
h0,36.7833,963.000240122696,1
h0,11.413,964.00024403807,1
h0,14.6873,965.000235048992,1
h0,40.0724,966.000239133667,1
h0,66.2856,967.000243221105,1
h0,91.7715,968.000234306117,1
h0,116.183,969.000238387544,1
h0,139.48,970.000242465255,1
h0,161.96,971.000246540239,1
h0,184.313,972.000237614801,1
h0,207.022,973.000241690551,1
h0,231.509,974.00024577223,1
h0,257.713,975.000236859637,1
h0,283.275,976.000240944903,1
h0,308.007,977.000245027402,1
h0,332.059,978.000236107629,1
h0,355.587,979.000240186111,1
h0,378.75,980.000244263375,1
