h0,410.894,993.000244370594,1
h0,395.611,994.000235319615,1
h0,380.398,995.00023926887,1
h0,365.211,996.000243218213,1
h0,349.963,997.00024716735,1
h0,334.754,998.000238116621,1
h0,319.529,999.000242065833,1
h0,304.289,1000.000246014999,1
h0,289.061,1001.000236964203,1
h0,273.82,1002.000240913366,1
h0,257.97,1003.000244860494,1
h0,240.475,1004.000235802138,1
h0,222.207,1005.000239741202,1
h0,204.332,1006.000243681578,1
h0,186.71,1007.000234622799,1
h0,169.408,1008.000238565085,1
h0,152.272,1009.000242507924,1
h0,135.316,1010.000246451366,1
h0,118.505,1011.000237395289,1
h0,101.765,1012.000241339452,1
h0,85.1104,1013.000245283898,1
h0,68.6142,1014.000236228872,1
h0,52.2578,1015.000240174313,1
h0,36.0374,1016.000244120208,1
h0,20.5638,1017.000235068593,1
h0,9.7427,1018.000239032498,1
h0,17.7078,1019.000243059067,1
h0,32.8598,1020.000234109608,1
h0,48.8679,1021.000238163006,1
h0,65.1679,1022.000242217377,1
h0,81.5474,1023.000246272013,1
h0,97.9649,1024.000237326776,1
h0,114.401,1025.000241381599,1
h0,130.843,1026.000245436445,1
h0,147.31,1027.000236491372,1
h0,163.746,1028.000240546198,1
h0,180.25,1029.000244601248,1
h0,196.731,1030.000235656224,1
h0,213.2,1031.000239711158,1
h0,229.722,1032.00024376627,1
h0,246.176,1033.000234821155,1
h0,262.663,1034.00023887615,1
h0,279.151,1035.000242931149,1
h0,295.693,1036.000246986326,1
h0,312.193,1037.000238041365,1
h0,328.669,1038.00024209632,1
h0,345.183,1039.000246151405,1
h0,361.672,1040.000237206408,1
h0,378.152,1041.00024126138,1
