h0,410.384,947.000242368895,1
h0,372.598,948.000246242853,1
h0,335.373,949.000237118683,1
h0,299.685,950.00024099964,1
h0,266.334,951.000244888395,1
h0,235.004,952.000235783888,1
h0,205.375,953.000239685057,1
h0,177.075,954.000243590658,1
h0,149.829,955.000234499777,1
h0,123.447,956.000238411775,1
h0,97.7497,957.000242326058,1
h0,72.573,958.000246242078,1
h0,47.8154,959.000237159495,1
h0,23.6384,960.000241078849,1
h0,3.90768,961.000245013035,1
h0,29.1314,962.000236097172,1
h0,57.616,963.000240192186,1
h0,88.009,964.000244293566,1
h0,120.343,965.00023540142,1
h0,154.589,966.000239515653,1
h0,190.365,967.00024363499,1
h0,226.662,968.000234756062,1
h0,264.188,969.000238881237,1
h0,303.079,970.000243010963,1
h0,343.541,971.00024714593,1
