h0,395.14,958.000247318047,1
h0,361.046,959.000238204321,1
h0,325.87,960.000242086985,1
h0,289.455,961.000245965518,1
h0,252.834,962.000236843363,1
h0,216.368,963.000240721727,1
h0,180.07,964.000244600649,1
h0,143.884,965.000235479946,1
h0,107.97,966.000239360151,1
h0,72.2059,967.000243240853,1
h0,36.5614,968.000234121956,1
h0,3.36482,969.000238011224,1
h0,34.141,970.000242113882,1
h0,68.8217,971.000246229564,1
h0,103.372,972.000237344813,1
h0,138.035,973.000241460434,1
h0,172.557,974.000245575587,1
h0,206.393,975.000236688452,1
h0,239.994,976.000240800534,1
h0,272.837,977.000244910085,1
h0,304.569,978.000236015932,1
h0,335.257,979.000240118296,1
h0,364.904,980.000244217187,1
