h0,382.858,957.000243277078,1
h0,349.884,958.000247167088,1
h0,317.099,959.000238057729,1
h0,284.459,960.000241948854,1
h0,252.025,961.000245840664,1
h0,219.685,962.00023673279,1
h0,187.452,963.000240625272,1
h0,155.311,964.000244518063,1
h0,123.608,965.000235412311,1
h0,93.1735,966.000239310793,1
h0,63.9584,967.000243213342,1
h0,35.9558,968.000234119936,1
h0,10.2577,969.000238034216,1
h0,19.5673,970.00024206527,1
h0,44.726,971.00024614919,1
h0,69.7191,972.000237232558,1
h0,94.4321,973.000241314992,1
h0,118.755,974.000245396124,1
h0,142.801,975.000236476332,1
h0,166.502,976.000240555391,1
h0,189.952,977.000244633612,1
h0,213.253,978.000235711335,1
h0,236.498,979.000239788873,1
h0,259.609,980.000243865962,1
h0,282.674,981.0002349429,1
h0,305.612,982.000239019412,1
h0,328.448,983.000243095585,1
h0,351.198,984.000247171472,1
h0,374.016,985.000238247582,1
