h0,403.857,1023.000247347122,1
h0,390.676,1024.000238303156,1
h0,377.481,1025.00024225914,1
h0,364.294,1026.000246215154,1
h0,351.081,1027.00023717108,1
h0,337.881,1028.00024112705,1
h0,324.69,1029.000245083048,1
h0,311.492,1030.000236039026,1
h0,298.29,1031.00023999499,1
h0,285.101,1032.000243950996,1
h0,271.372,1033.000234905199,1
h0,255.701,1034.000238852927,1
h0,239.077,1035.000242797476,1
h0,223.3,1036.000246744847,1
h0,208.24,1037.000237694615,1
h0,193.698,1038.000241646106,1
h0,179.569,1039.000245598979,1
h0,165.72,1040.000236552781,1
h0,152.093,1041.000240507328,1
h0,138.602,1042.000244462328,1
h0,125.207,1043.000235417645,1
h0,111.877,1044.000239373182,1
h0,98.6462,1045.000243329048,1
h0,85.4783,1046.000234285125,1
h0,72.3401,1047.000238241301,1
h0,59.2691,1048.000242197701,1
h0,46.2611,1049.00024615431,1
h0,33.4532,1050.000237111588,1
h0,21.1529,1051.000241070558,1
h0,11.1313,1052.00024503713,1
h0,12.2077,1053.00023604072,1
h0,22.8683,1054.00024007628,1
h0,35.2624,1055.000244117623,1
h0,48.092,1056.000235160418,1
h0,61.0667,1057.000239203697,1
h0,74.1347,1058.000243247287,1
h0,87.2172,1059.000234290925,1
h0,100.357,1060.000238334755,1
h0,113.52,1061.000242378662,1
h0,126.697,1062.000246422614,1
h0,139.849,1063.000237466484,1
h0,152.978,1064.000241510279,1
h0,166.154,1065.00024555423,1
h0,179.37,1066.000236598312,1
h0,192.563,1067.00024064232,1
h0,206.332,1068.000244688251,1
h0,222.075,1069.000235740762,1
h0,238.558,1070.000239795742,1
h0,254.018,1071.000243847314,1
h0,268.77,1072.000234896522,1
h0,282.948,1073.000238943814,1
h0,296.802,1074.000242990025,1
h0,310.393,1075.000247035359,1
h0,323.818,1076.000238080142,1
h0,337.164,1077.000242124658,1
h0,350.46,1078.000246169009,1
h0,363.714,1079.00023721322,1
h0,378.21,1080.000241261572,1
