h0,407.761,961.000245360144,1
h0,378.509,962.000236262571,1
h0,349.21,963.00024016484,1
h0,319.914,964.000244067117,1
h0,290.517,965.00023496906,1
h0,261.046,966.000238870756,1
h0,231.198,967.000242771194,1
h0,200.575,968.000246669045,1
h0,169.598,969.00023756572,1
h0,138.185,970.000241460934,1
h0,106.276,971.0002453545,1
h0,74.3613,972.000236248043,1
h0,41.5732,973.000240138673,1
h0,8.55373,974.000244028532,1
h0,25.6523,975.000235085567,1
h0,59.1039,976.000239197149,1
h0,92.5739,977.000243308793,1
h0,125.992,978.000234420263,1
h0,159.237,979.000238531159,1
h0,192.428,980.000242641871,1
h0,225.565,981.000246752403,1
h0,258.591,982.000237862567,1
h0,291.521,983.00024197241,1
h0,324.317,984.000246081805,1
h0,357.107,985.000237191181,1
