h0,407.007,961.000246357628,1
h0,384.427,962.000237282311,1
h0,362.315,963.000241208554,1
h0,340.594,964.0002451361,1
h0,319.108,965.000236064429,1
h0,297.896,966.000239993673,1
h0,276.928,967.000243923731,1
h0,256.19,968.000234854557,1
h0,235.547,969.000238785701,1
h0,215.093,970.000242717474,1
h0,194.578,971.000246649043,1
h0,172.046,972.000237573883,1
h0,146.071,973.00024148724,1
h0,117.801,974.000245392942,1
h0,87.4498,975.000236291701,1
h0,55.0027,976.000240183469,1
h0,20.6493,977.000244068879,1
h0,15.6457,978.000235052188,1
h0,50.504,979.000239168463,1
h0,85.0626,980.000243283738,1
h0,120.399,981.000234401609,1
h0,156.868,982.000238523257,1
h0,192.805,983.000242643128,1
h0,227.946,984.000246760347,1
h0,262.346,985.000237875093,1
h0,296.283,986.000241988295,1
h0,329.673,987.000246099671,1
h0,361.538,988.00023720596,1
