h0,400.444,952.000236335739,1
h0,360.402,953.000240202173,1
h0,320.321,954.000244068476,1
h0,280.293,955.000234934957,1
h0,240.267,956.000238801446,1
h0,199.923,957.00024266687,1
h0,158.645,958.000246529183,1
h0,117.423,959.000237391682,1
h0,76.2587,960.000241254372,1
h0,35.1963,961.000245117402,1
h0,9.24476,962.000236030837,1
h0,47.0538,963.000240156955,1
h0,85.0464,964.000244283684,1
h0,121.714,965.000235405995,1
h0,157.205,966.00023952438,1
h0,191.724,967.000243639522,1
h0,225.583,968.000234752464,1
h0,258.866,969.000238863485,1
h0,291.77,970.000242973241,1
h0,324.395,971.000247082064,1
h0,356.812,972.000238190196,1
