h0,399.732,964.000245333363,1
h0,362.731,965.00023620994,1
h0,326.133,966.000240087861,1
h0,289.933,967.000243967112,1
h0,254.068,968.000234847478,1
h0,218.308,969.000238728198,1
h0,181.517,970.000242605476,1
h0,143.142,971.000246477471,1
h0,103.075,972.000237343821,1
h0,63.0636,973.000241210358,1
h0,23.5716,974.000245078626,1
h0,16.093,975.00023605368,1
h0,54.5141,976.000240181839,1
h0,92.6992,977.000244309211,1
h0,130.462,978.000235435175,1
h0,167.523,979.000239558797,1
h0,203.924,980.000243680218,1
h0,239.619,981.000234799282,1
h0,274.678,982.000238916227,1
h0,309.113,983.000243031089,1
h0,342.963,984.000247144002,1
h0,376.217,985.000238254926,1
