h0,403.196,947.000242344917,1
h0,362.588,948.000246209465,1
h0,323.534,949.000237079193,1
h0,286.194,950.00024095464,1
h0,250.027,951.000244833999,1
h0,214.789,952.000235716459,1
h0,180.669,953.000239602646,1
h0,147.678,954.000243492599,1
h0,115.556,955.000234385455,1
h0,84.2577,956.000238281053,1
h0,53.6122,957.000242178831,1
h0,23.6495,958.000246078886,1
h0,6.97862,959.000237023278,1
h0,35.5353,960.000241118533,1
h0,64.3312,961.000245214586,1
h0,92.9738,962.000236310127,1
h0,122.097,963.000240407271,1
h0,151.232,964.000244504454,1
h0,180.352,965.000235601588,1
h0,209.376,966.000239698405,1
h0,238.659,967.000243796081,1
h0,269.616,968.000234899343,1
h0,302.239,969.00023900816,1
h0,333.984,970.00024311405,1
h0,364.493,971.000247215818,1
