h0,400.001,969.00023833426,1
h0,366.721,970.000242223249,1
h0,333.252,971.00024611161,1
h0,299.61,972.000236999391,1
h0,265.889,973.00024088691,1
h0,232.142,974.000244774341,1
h0,198.354,975.000235661639,1
h0,164.505,976.00023954873,1
h0,130.596,977.00024343562,1
h0,96.7677,978.000234322782,1
h0,63.0583,979.00023821034,1
h0,29.6844,980.000242099017,1
h0,7.40522,981.000246024701,1
h0,35.8825,982.000237119691,1
h0,65.9372,983.000241219943,1
h0,94.9602,984.000245316753,1
h0,122.982,985.000236410225,1
h0,150.165,986.000240500896,1
h0,176.596,987.000244589062,1
h0,202.433,988.000235675243,1
h0,227.817,989.000239759915,1
h0,252.779,990.000243843182,1
h0,277.401,991.000234925312,1
h0,301.753,992.000239006538,1
h0,325.877,993.000243087008,1
h0,349.801,994.000247166809,1
h0,373.769,995.000238246758,1
