h0,414.377,967.000244382213,1
h0,398.691,968.000235329891,1
h0,382.858,969.000239277076,1
h0,366.192,970.000243221485,1
h0,349.077,971.000247164397,1
h0,332.117,972.000238107823,1
h0,315.083,973.000242051004,1
h0,297.535,974.00024599247,1
h0,279.09,975.000236930943,1
h0,259.591,976.000240865903,1
h0,238.809,977.00024479658,1
h0,216.737,978.000235722957,1
h0,192.4,979.000239641776,1
h0,165.22,980.000243551114,1
h0,135.519,981.000234452044,1
h0,104.695,982.000238349224,1
h0,73.3664,983.000242244724,1
h0,41.6459,984.000246138916,1
h0,10.0148,985.000237033406,1
h0,23.0612,986.000241076924,1
h0,55.4475,987.000245184953,1
h0,88.0752,988.000236293787,1
h0,121.236,989.000240404401,1
h0,155.816,990.000244519745,1
h0,192.024,991.000235640523,1
h0,230.069,992.000239767428,1
h0,269.906,993.000243900311,1
h0,311.74,994.000235039853,1
h0,355.365,995.000239185371,1
