h0,382.624,952.000236276295,1
h0,349.521,953.000240165877,1
h0,316.382,954.000244055335,1
h0,283.274,955.000234944901,1
h0,250.195,956.00023883456,1
h0,217.151,957.000242724338,1
h0,184.095,958.000246614076,1
h0,151.12,959.000237504082,1
h0,118.13,960.000241394038,1
h0,85.0993,961.000245283861,1
h0,52.114,962.000236173834,1
h0,20.0026,963.000240066722,1
h0,16.4508,964.000244054874,1
h0,49.868,965.000235166342,1
h0,82.8615,966.000239276396,1
h0,114.618,967.000243382326,1
h0,145.357,968.000234484859,1
h0,174.82,969.000238583136,1
h0,202.758,970.000242676329,1
h0,229.53,971.000246765629,1
h0,255.77,972.000237853158,1
h0,281.94,973.000241940449,1
h0,308.393,974.000246028688,1
h0,334.716,975.000237116491,1
h0,360.944,976.00024120398,1
