h0,414.029,958.000247381052,1
h0,376.906,959.000238257223,1
h0,340.072,960.000242134359,1
h0,303.327,961.000246011791,1
h0,266.82,962.000236890016,1
h0,230.516,963.000240768918,1
h0,194.314,964.000244648162,1
h0,158.256,965.000235527885,1
h0,122.333,966.000239408058,1
h0,86.5568,967.000243288722,1
h0,50.8985,968.000234169779,1
h0,15.547,969.000238051859,1
h0,21.2132,970.00024207076,1
h0,59.0991,971.000246197133,1
h0,98.1485,972.000237327388,1
h0,136.423,973.000241455059,1
h0,174.09,974.0002455807,1
h0,211.25,975.000236704655,1
h0,247.949,976.00024082707,1
h0,284.288,977.000244948282,1
h0,320.365,978.000236068623,1
h0,356.23,979.000240188256,1
