h0,411.258,946.000238371809,1
h0,372.611,947.000242242897,1
h0,334.348,948.000246115264,1
h0,296.885,949.000236990301,1
h0,260.144,950.000240867748,1
h0,224.05,951.000244747349,1
h0,188.514,952.000235628814,1
h0,153.478,953.000239511948,1
h0,118.913,954.00024339665,1
h0,84.6515,955.000234282367,1
h0,50.5768,956.000238168706,1
h0,16.138,957.00024205383,1
h0,19.6681,958.000246065606,1
h0,54.5386,959.000237181921,1
h0,89.2145,960.000241297588,1
h0,123.628,961.000245412378,1
h0,157.815,962.000236526415,1
h0,191.444,963.000240638588,1
h0,224.19,964.000244747817,1
h0,257.294,965.00023585824,1
h0,291.205,966.000239971355,1
h0,324.449,967.000244082244,1
h0,356.542,968.000235189295,1
