h0,395.623,992.000244319656,1
h0,363.09,993.000235211137,1
h0,330.578,994.000239102691,1
h0,297.996,995.000242994009,1
h0,265.434,996.000246885393,1
h0,232.868,997.000237776763,1
h0,200.455,998.000241668647,1
h0,167.926,999.000245560142,1
h0,135.421,1000.000236451714,1
h0,102.912,1001.000240343278,1
h0,70.4831,1002.000244235106,1
h0,38.2006,1003.000235127424,1
h0,8.1876,1004.000239027311,1
h0,28.1875,1005.000243094023,1
h0,60.2106,1006.000234200841,1
h0,92.6361,1007.000238309001,1
h0,125.121,1008.00024241736,1
h0,157.644,1009.000246525844,1
h0,190.174,1010.000237634351,1
h0,222.709,1011.000241742876,1
h0,255.243,1012.000245851399,1
h0,287.794,1013.000236959977,1
h0,320.345,1014.000241068556,1
h0,352.891,1015.000245177119,1
