h0,396.745,973.000242323398,1
h0,377.835,974.000246260321,1
h0,359.475,975.000237199078,1
h0,341.498,976.000241139115,1
h0,323.891,977.000245080384,1
h0,306.554,978.000236022553,1
h0,289.459,979.000239965531,1
h0,272.618,980.000243909356,1
h0,255.881,981.000234853527,1
h0,239.284,982.000238798167,1
h0,222.782,983.000242743119,1
h0,206.376,984.000246688396,1
h0,190.037,985.000237633895,1
h0,173.779,986.000241579663,1
h0,157.586,987.000245525652,1
h0,141.422,988.000236471733,1
h0,125.339,989.000240418086,1
h0,109.298,990.00024436458,1
h0,93.2685,991.00023531111,1
h0,77.3352,992.000239257963,1
h0,61.5014,993.000243205146,1
h0,45.7742,994.000234152686,1
h0,30.198,995.00023810073,1
h0,15.1872,996.000242050659,1
h0,6.68507,997.000246022299,1
h0,18.7298,998.000237062476,1
h0,33.8432,999.000241112889,1
h0,49.1988,1000.000245164109,1
h0,64.5951,1001.000236215466,1
h0,79.9782,1002.000240266778,1
h0,95.3104,1003.000244317921,1
h0,110.612,1004.000235368962,1
h0,125.882,1005.000239419896,1
h0,141.109,1006.000243470688,1
h0,156.274,1007.000234521275,1
h0,171.365,1008.000238571613,1
h0,186.445,1009.000242621914,1
h0,201.464,1010.000246672012,1
h0,216.424,1011.000237721912,1
h0,231.247,1012.000241771356,1
h0,246.094,1013.000245820881,1
h0,260.897,1014.000236870258,1
h0,275.648,1015.000240919463,1
h0,290.366,1016.000244968556,1
h0,305,1017.000236017371,1
h0,319.658,1018.000240066265,1
h0,334.297,1019.000244115094,1
h0,348.881,1020.00023516374,1
h0,363.419,1021.000239212236,1
h0,377.905,1022.000243260557,1
