h0,413.545,973.000242379436,1
h0,392.193,974.000246308214,1
h0,370.833,975.000237236967,1
h0,349.524,976.000241165887,1
h0,328.155,977.000245094607,1
h0,306.805,978.000236023393,1
h0,285.471,979.00023995223,1
h0,264.146,980.000243881096,1
h0,242.804,981.000234809905,1
h0,221.288,982.000238738136,1
h0,199.565,983.000242665678,1
h0,177.644,984.000246592558,1
h0,155.562,985.0002375189,1
h0,133.32,986.000241444707,1
h0,111.075,987.000245370507,1
h0,88.76,988.000236296071,1
h0,66.517,989.000240221877,1
h0,44.3513,990.00024414794,1
h0,22.5724,991.000235075293,1
h0,6.42287,992.000239021424,1
h0,22.9417,993.000243076525,1
h0,46.4252,994.000234154858,1
h0,71.1041,995.000238237178,1
h0,96.4025,996.000242321564,1
h0,122.868,997.000246409844,1
h0,150.066,998.000237500568,1
h0,177.601,999.000241592413,1
h0,205.376,1000.000245685061,1
h0,233.356,1001.000236778392,1
h0,261.532,1002.000240872378,1
h0,289.677,1003.000244966259,1
h0,318.062,1004.000236060942,1
h0,346.566,1005.000240156019,1
h0,375.124,1006.000244251278,1
