h0,9.22466,903.00023403077,1
h0,14.4005,904.000238048035,1
h0,19.69,905.000242065679,1
h0,25.1158,906.000246083777,1
h0,30.3938,907.000237101383,1
h0,35.6638,908.000241118962,1
h0,40.3299,909.000245134526,1
h0,43.118,910.000236143826,1
h0,43.9531,911.000240146612,1
h0,44.3506,912.000244147938,1
h0,44.7945,913.000235149419,1
h0,44.8527,914.000239149613,1
h0,44.8182,915.000243149497,1
h0,44.7733,916.000234149348,1
h0,44.6894,917.000238149068,1
h0,44.7233,918.000242149181,1
h0,44.3146,919.000246147817,1
h0,44.3744,920.000237148017,1
h0,44.3925,921.000241148078,1
h0,44.4956,922.000245148421,1
h0,44.5123,923.000236148477,1
h0,44.7919,924.00024014941,1
h0,45.5424,925.000244151913,1
h0,45.8577,926.000235152965,1
h0,45.9516,927.000239153278,1
h0,45.7858,928.000243152725,1
h0,46.0485,929.000234153601,1
h0,45.4757,930.00023815169,1
h0,42.9924,931.000242143407,1
h0,39.6201,932.000246132158,1
h0,36.8159,933.000237122805,1
h0,34.3989,934.000241114742,1
h0,32.4917,935.000245108381,1
h0,31.0069,936.000236103428,1
h0,29.717,937.000240099125,1
h0,28.6883,938.000244095694,1
h0,27.8284,939.000235092826,1
h0,27.1369,940.000239090519,1
h0,26.6004,941.000243088729,1
h0,26.1433,942.000234087205,1
h0,25.7713,943.000238085964,1
h0,25.4563,944.000242084913,1
h0,25.0327,945.0002460835,1
h0,24.5553,946.000237081908,1
h0,24.0825,947.00024108033,1
h0,23.5765,948.000245078643,1
h0,23.1232,949.000236077131,1
h0,22.6534,950.000240075564,1
h0,22.2536,951.00024407423,1
h0,21.8976,952.000235073043,1
h0,21.5893,953.000239072014,1
h0,21.2916,954.000243071021,1
h0,21.0738,955.000234070295,1
h0,20.9884,956.00023807001,1
h0,21.1166,957.000242070438,1
h0,21.3992,958.00024607138,1
h0,21.7849,959.000237072666,1
h0,22.1238,960.000241073797,1
h0,22.4836,961.000245074997,1
h0,22.7622,962.000236075927,1
h0,23.0298,963.000240076819,1
h0,23.229,964.000244077483,1
h0,23.4051,965.000235078071,1
h0,23.53,966.000239078488,1
h0,23.6588,967.000243078917,1
h0,23.7693,968.000234079286,1
h0,23.8475,969.000238079547,1
h0,23.9303,970.000242079823,1
h0,23.9727,971.000246079964,1
h0,24.0074,972.00023708008,1
h0,24.0418,973.000241080195,1
h0,24.0989,974.000245080385,1
h0,24.1043,975.000236080403,1
h0,24.1219,976.000240080462,1
h0,24.1297,977.000244080488,1
h0,24.1389,978.000235080519,1
h0,24.1422,979.00023908053,1
h0,24.1563,980.000243080577,1
h0,24.1654,981.000234080607,1
h0,24.1895,982.000238080688,1
h0,24.2012,983.000242080726,1
h0,24.1973,984.000246080714,1
h0,24.2104,985.000237080757,1
h0,24.198,986.000241080716,1
h0,24.2127,987.000245080765,1
h0,24.2317,988.000236080828,1
h0,24.2214,989.000240080794,1
h0,24.2047,990.000244080738,1
h0,24.1988,991.000235080719,1
h0,24.2322,992.00023908083,1
h0,24.215,993.000243080773,1
h0,24.2169,994.000234080779,1
h0,24.1759,995.000238080642,1
h0,24.0406,996.000242080191,1
h0,23.8245,997.00024607947,1
h0,23.4287,998.00023707815,1
h0,23.1829,999.00024107733,1
h0,22.8073,1000.000245076077,1
h0,22.4366,1001.00023607484,1
h0,22.0504,1002.000240073552,1
h0,21.6715,1003.000244072288,1
h0,21.3296,1004.000235071148,1
h0,20.9772,1005.000239069972,1
h0,20.6874,1006.000243069006,1
h0,20.4115,1007.000234068086,1
h0,20.2377,1008.000238067506,1
h0,20.3078,1009.000242067739,1
h0,20.5353,1010.000246068498,1
h0,20.6281,1011.000237068808,1
h0,20.6765,1012.000241068969,1
h0,20.7923,1013.000245069356,1
h0,21.0399,1014.000236070182,1
h0,21.4255,1015.000240071468,1
h0,21.9016,1016.000244073056,1
h0,22.2831,1017.000235074328,1
h0,22.6145,1018.000239075434,1
h0,22.8988,1019.000243076382,1
h0,23.1299,1020.000234077153,1
h0,23.3254,1021.000238077805,1
h0,23.441,1022.000242078191,1
h0,23.5684,1023.000246078616,1
h0,23.6885,1024.000237079016,1
h0,23.7798,1025.000241079321,1
h0,23.8519,1026.000245079561,1
h0,23.9174,1027.00023607978,1
h0,23.9728,1028.000240079965,1
h0,24.026,1029.000244080142,1
h0,24.058,1030.000235080249,1
h0,24.4052,1031.000239081407,1
