h0,397.193,972.000238324892,1
h0,370.879,973.00024223712,1
h0,344.539,974.000246149257,1
h0,318.13,975.000237061168,1
h0,291.143,976.000240971147,1
h0,263.286,977.000244878226,1
h0,234.13,978.000235780973,1
h0,203.12,979.000239677535,1
h0,171.405,980.000243571745,1
h0,139.381,981.000234464925,1
h0,107.111,982.000238357284,1
h0,74.6771,983.000242249096,1
h0,42.201,984.000246140767,1
h0,9.98889,985.000237033319,1
h0,23.5033,986.000241078399,1
h0,56.1781,987.00024518739,1
h0,88.9458,988.000236296691,1
h0,121.799,989.000240406279,1
h0,154.715,990.000244516073,1
h0,187.474,991.000235625345,1
h0,220.333,992.000239734952,1
h0,253.257,993.000243844773,1
h0,286.154,994.000234954509,1
h0,319.074,995.000239064316,1
h0,352.033,996.000243174254,1
