h0,403.382,970.000243345537,1
h0,373.38,971.000247245461,1
h0,344.208,972.000238148155,1
h0,315.627,973.000242052818,1
h0,287.314,974.000245958378,1
h0,260.249,975.000236868099,1
h0,234.314,976.000240781587,1
h0,209.435,977.0002446986,1
h0,185.472,978.000235618669,1
h0,162.371,979.000239541612,1
h0,140,980.000243466991,1
h0,118.348,981.000234394768,1
h0,97.3146,982.000238324606,1
h0,76.7271,983.000242255934,1
h0,54.1753,984.000246180709,1
h0,31.5914,985.000237105377,1
h0,12.6073,986.000241042054,1
h0,15.9083,987.000245053064,1
h0,34.1384,988.000236113873,1
h0,53.0461,989.000240176943,1
h0,71.7421,990.000244239306,1
h0,90.6397,991.000235302342,1
h0,111.704,992.000239372604,1
h0,133.306,993.000243444662,1
h0,154.93,994.000234516792,1
h0,176.631,995.000238589178,1
h0,198.317,996.000242661515,1
h0,220.167,997.000246734398,1
h0,242.621,998.000237809297,1
h0,265.962,999.000241887155,1
h0,290.035,1000.000245967452,1
h0,314.185,1001.000237048009,1
h0,338.385,1002.00024112873,1
h0,362.542,1003.000245209309,1
