h0,404.536,957.000243349388,1
h0,368.91,958.000247230551,1
h0,333.474,959.000238112348,1
h0,298.833,960.000241996799,1
h0,265.049,961.000245884109,1
h0,230.255,962.000236768048,1
h0,195.666,963.000240652672,1
h0,160.299,964.000244534701,1
h0,123.42,965.000235411685,1
h0,85.2551,966.00023928438,1
h0,46.8021,967.000243156115,1
h0,8.99424,968.000234030002,1
h0,28.1521,969.000238093905,1
h0,62.6382,970.000242208939,1
h0,95.6354,971.000246319005,1
h0,127.753,972.000237426138,1
h0,159.296,973.000241531355,1
h0,190.167,974.000245634328,1
h0,220.475,975.000236735424,1
h0,250.33,976.000240835012,1
h0,279.864,977.000244933526,1
h0,309.034,978.000236030827,1
h0,338.002,979.000240127452,1
h0,366.752,980.000244223354,1
