h0,390.558,955.000235302762,1
h0,355.936,956.000239187276,1
h0,323.072,957.000243077652,1
h0,291.629,958.000246972769,1
h0,261.38,959.00023787187,1
h0,232.027,960.00024177396,1
h0,203.356,961.000245678324,1
h0,175.16,962.000236584269,1
h0,147.302,963.000240491347,1
h0,119.713,964.00024439932,1
h0,92.2977,965.000235307872,1
h0,65.0181,966.000239216877,1
h0,37.905,967.000243126438,1
h0,11.9598,968.000234039894,1
h0,18.3143,969.00023806109,1
h0,44.8228,970.000242149513,1
h0,71.6158,971.000246238884,1
h0,99.5815,972.000237332168,1
h0,128.582,973.000241428903,1
h0,158.774,974.000245529614,1
h0,190.205,975.000236634454,1
h0,221.752,976.000240739687,1
h0,252.647,977.000244842739,1
h0,283.399,978.000235945317,1
h0,314.201,979.000240048062,1
h0,344.863,980.00024415034,1
h0,375.465,981.000235252417,1
