h0,401.558,963.000241339453,1
h0,361.698,964.000245206496,1
h0,322.774,965.000236076659,1
h0,284.992,966.000239950631,1
h0,248.678,967.0002438295,1
h0,213.24,968.000234711292,1
h0,178.245,969.000238594562,1
h0,143.624,970.000242479079,1
h0,109.764,971.000246366134,1
h0,76.5959,972.000237255496,1
h0,44.1927,973.000241147411,1
h0,12.6227,974.000245042105,1
h0,19.31,975.000236064411,1
h0,49.6396,976.00024016558,1
h0,79.6596,977.000244265716,1
h0,110.858,978.000235369782,1
h0,143.674,979.000239479245,1
h0,176.898,980.000243590067,1
h0,209.936,981.000234700271,1
h0,241.518,982.000238805618,1
h0,271.688,983.000242906252,1
h0,300.53,984.00024700246,1
h0,328.303,985.000238095101,1
h0,355.197,986.000242184809,1
