h0,407.482,1036.000242359215,1
h0,392.793,1037.000246310217,1
h0,378.119,1038.000237261269,1
h0,363.444,1039.00024121232,1
h0,348.798,1040.000245163465,1
h0,334.088,1041.000236114397,1
h0,319.372,1042.000240065312,1
h0,304.672,1043.000244016276,1
h0,289.993,1044.000234967314,1
h0,275.332,1045.00023891841,1
h0,260.612,1046.000242869308,1
h0,245.925,1047.000246820318,1
h0,231.262,1048.000237771407,1
h0,216.599,1049.000241722497,1
h0,201.932,1050.000245673572,1
h0,187.249,1051.000236624597,1
h0,172.616,1052.000240575784,1
h0,157.94,1053.000244526832,1
h0,143.625,1054.00023547908,1
h0,129.66,1055.000239432498,1
h0,115.989,1056.000243386897,1
h0,102.621,1057.000234342306,1
h0,89.4751,1058.000238298457,1
h0,76.5253,1059.000242255261,1
h0,63.6677,1060.000246212373,1
h0,51.0021,1061.000237170125,1
h0,38.54,1062.000241128555,1
h0,26.3678,1063.000245087954,1
h0,15.2444,1064.00023605085,1
h0,9.63676,1065.000240032145,1
h0,16.5693,1066.000244055269,1
h0,27.8674,1067.000235092956,1
h0,40.0172,1068.000239133483,1
h0,52.4181,1069.000243174848,1
h0,64.8643,1070.000234216364,1
h0,77.4004,1071.00023825818,1
h0,89.967,1072.000242300097,1
h0,102.561,1073.000246342106,1
h0,115.191,1074.000237384237,1
h0,127.745,1075.000241426111,1
h0,140.363,1076.0002454682,1
h0,153.007,1077.000236510376,1
h0,165.629,1078.00024055248,1
h0,178.258,1079.000244594603,1
h0,190.886,1080.000235636728,1
h0,203.533,1081.000239678912,1
h0,216.144,1082.000243720979,1
h0,228.801,1083.000234763199,1
h0,241.442,1084.000238805362,1
h0,254.086,1085.000242847539,1
h0,266.767,1086.000246889839,1
h0,279.407,1087.000237932002,1
h0,292.021,1088.000241974076,1
h0,304.667,1089.000246016259,1
h0,317.314,1090.000237058445,1
h0,329.95,1091.000241100593,1
h0,342.608,1092.000245142816,1
h0,355.185,1093.000236184768,1
h0,368.919,1094.000240230581,1
