h0,392.213,981.000235308282,1
h0,369.667,982.000239233075,1
h0,347.929,983.000243160567,1
h0,326.883,984.000247090364,1
h0,306.358,985.000238021899,1
h0,286.206,986.00024195468,1
h0,266.381,987.000245888552,1
h0,246.843,988.000236823381,1
h0,227.494,989.000240758839,1
h0,208.27,990.000244694713,1
h0,189.225,991.000235631188,1
h0,169.097,992.000239564046,1
h0,147.162,993.000243490879,1
h0,123.37,994.000234411519,1
h0,97.6204,995.000238325627,1
h0,70.1937,996.000242234141,1
h0,41.0221,997.000246136835,1
h0,11.7628,998.000237039236,1
h0,20.651,999.000241068884,1
h0,48.9343,1000.000245163227,1
h0,77.1357,1001.000236257297,1
h0,104.583,1002.000240348851,1
h0,131.355,1003.000244438154,1
h0,157.764,1004.000235526244,1
h0,184.401,1005.000239615097,1
h0,212.889,1006.000243710122,1
h0,243.169,1007.000234811125,1
h0,275.201,1008.00023891797,1
h0,308.06,1009.000243027576,1
h0,340.714,1010.000247136501,1
h0,373.247,1011.000238245019,1
