h0,406.355,962.000237355453,1
h0,376.321,963.000241255271,1
h0,346.42,964.000245155532,1
h0,316.914,965.000236057113,1
h0,287.808,966.000239960025,1
h0,259.182,967.000243864538,1
h0,230.569,968.000234769095,1
h0,200.508,969.000238668822,1
h0,170.124,970.000242567474,1
h0,140.579,971.000246468921,1
h0,111.748,972.000237372752,1
h0,83.7968,973.000241279516,1
h0,56.728,974.000245189224,1
h0,30.545,975.000236101887,1
h0,7.47948,976.000240024949,1
h0,25.1339,977.000244083838,1
h0,54.5071,978.000235181816,1
h0,83.3052,979.000239277876,1
h0,110.638,980.000243369048,1
h0,136.601,981.00023445565,1
h0,161.475,982.000238538622,1
h0,185.768,983.000242619654,1
h0,209.847,984.000246699975,1
h0,233.401,985.000237778543,1
h0,256.776,986.000241856512,1
h0,280.421,987.000245935384,1
h0,304.684,988.000237016316,1
h0,329.633,989.000241099538,1
h0,355.17,990.000245184718,1
