h0,399.003,952.000236330932,1
h0,362.007,953.000240207524,1
h0,324.622,954.000244082824,1
h0,287.025,955.000234957412,1
h0,249.247,956.000238831397,1
h0,211.296,957.000242704807,1
h0,173.24,958.000246577867,1
h0,135.095,959.00023745063,1
h0,96.861,960.000241323093,1
h0,59.1333,961.000245197247,1
h0,22.3745,962.000236074633,1
h0,14.4619,963.00024004824,1
h0,49.8267,964.000244166204,1
h0,84.8504,965.000235283031,1
h0,119.454,966.000239398455,1
h0,153.792,967.000243512994,1
h0,187.744,968.000234626246,1
h0,221.493,969.00023873882,1
h0,254.995,970.000242850571,1
h0,288.894,971.000246963648,1
h0,323.46,972.000238078945,1
h0,358.907,973.000242197186,1
