h0,384.346,954.00024428204,1
h0,349.069,955.000235164368,1
h0,314.19,956.000239048026,1
h0,279.732,957.000242933085,1
h0,245.625,958.000246819316,1
h0,211.887,959.000237706779,1
h0,178.39,960.000241595045,1
h0,145.21,961.000245484369,1
h0,112.235,962.000236374377,1
h0,79.4845,963.000240265132,1
h0,46.9438,964.000244156588,1
h0,14.7222,965.000235049108,1
h0,18.7375,966.000239062502,1
h0,52.3676,967.000243174679,1
h0,87.2938,968.000234291181,1
h0,122.838,969.000238409744,1
h0,158.662,970.000242529239,1
h0,193.984,971.000246647061,1
h0,228.51,972.000237762229,1
h0,262.229,973.000241874703,1
h0,295.213,974.000245984726,1
h0,327.547,975.000237092579,1
h0,359.216,976.000241198214,1
