h0,394.029,958.00024631434,1
h0,364.087,959.000237214464,1
h0,332.664,960.000241109648,1
h0,299.769,961.000244999921,1
h0,266.673,962.000235889524,1
h0,233.343,963.000239778349,1
h0,200.015,964.000243667179,1
h0,166.921,965.000234556789,1
h0,135.022,966.000238450386,1
h0,104.062,967.000242347114,1
h0,74.0766,968.000246247093,1
h0,45.0332,969.000237150215,1
h0,16.9289,970.000241056469,1
h0,14.8837,971.000245049647,1
h0,43.0335,972.000236143544,1
h0,71.6399,973.000240238965,1
h0,100.138,974.000244334025,1
h0,128.332,975.00023542807,1
h0,156.371,976.000239521598,1
h0,184.231,977.000243614528,1
h0,212.013,978.0002347072,1
h0,239.633,979.00023879933,1
h0,267.076,980.000242890869,1
h0,294.443,981.000246982155,1
h0,321.684,982.000238073021,1
h0,348.87,983.000242163705,1
h0,375.889,984.000246253831,1
