h0,402.36,999.000246342128,1
h0,368.57,1000.000237229416,1
h0,336.147,1001.000241121264,1
h0,304.694,1002.000245016351,1
h0,272.904,1003.00023591031,1
h0,240.072,1004.000239800794,1
h0,206.035,1005.000243687258,1
h0,170.688,1006.000234569354,1
h0,134.132,1007.000238447418,1
h0,97.3784,1008.000242324819,1
h0,60.9682,1009.000246203368,1
h0,24.7693,1010.000237082622,1
h0,11.9621,1011.000241039901,1
h0,47.6196,1012.000245158842,1
h0,83.4268,1013.000236278282,1
h0,119.094,1014.000240397254,1
h0,154.722,1015.000244516096,1
h0,190.344,1016.00023563492,1
h0,226.039,1017.000239753984,1
h0,261.754,1018.000243873118,1
h0,297.535,1019.000234992469,1
h0,333.354,1020.000239111951,1
h0,369.011,1021.000243230887,1
