h0,399.075,1004.000236331172,1
h0,383.127,1005.000240277973,1
h0,368.337,1006.000244228641,1
h0,354.538,1007.000235182612,1
h0,341.478,1008.000239139047,1
h0,328.96,1009.000243097293,1
h0,316.78,1010.000247056664,1
h0,304.869,1011.000238016933,1
h0,293.107,1012.000241977698,1
h0,281.428,1013.000245938742,1
h0,269.412,1014.000236898662,1
h0,256.533,1015.000240855702,1
h0,243.352,1016.000244811736,1
h0,230.297,1017.000235768189,1
h0,217.362,1018.000239725043,1
h0,204.615,1019.000243682522,1
h0,192.066,1020.000234640664,1
h0,179.706,1021.000238599436,1
h0,167.551,1022.000242558891,1
h0,155.545,1023.000246518844,1
h0,143.619,1024.000237479062,1
h0,131.831,1025.00024143974,1
h0,120.117,1026.000245400666,1
h0,108.522,1027.000236361991,1
h0,96.6999,1028.000240322556,1
h0,83.9611,1029.000244280064,1
h0,69.2108,1030.000235230862,1
h0,52.561,1031.000239175325,1
h0,34.1514,1032.000243113917,1
h0,14.4488,1033.000234048196,1
h0,11.5531,1034.000238038537,1
h0,34.3122,1035.000242114453,1
h0,57.9451,1036.000246193284,1
h0,81.4465,1037.000237271676,1
h0,104.756,1038.000241349429,1
h0,127.918,1039.000245426688,1
h0,150.909,1040.000236503379,1
h0,173.762,1041.000240579607,1
h0,196.544,1042.000244655599,1
h0,219.216,1043.000235731224,1
h0,241.607,1044.000239805915,1
h0,263.326,1045.000243878363,1
h0,284.459,1046.000234948854,1
h0,305.063,1047.000239017581,1
h0,325.133,1048.000243084526,1
h0,344.793,1049.000247150104,1
h0,364.046,1050.000238214326,1
