h0,410.547,990.000245369438,1
h0,398.212,991.000236328291,1
h0,385.868,992.000240287118,1
h0,373.543,993.000244246007,1
h0,361.258,994.000235205026,1
h0,348.993,995.000239164115,1
h0,336.721,996.000243123181,1
h0,324.456,997.00024708227,1
h0,312.182,998.000238041326,1
h0,299.88,999.000242000292,1
h0,287.626,1000.000245959418,1
h0,275.329,1001.000236918398,1
h0,263.055,1002.000240877457,1
h0,250.78,1003.000244836511,1
h0,238.538,1004.000235795678,1
h0,226.247,1005.00023975468,1
h0,213.989,1006.00024371379,1
h0,201.715,1007.00023467285,1
h0,189.512,1008.000238632143,1
h0,177.247,1009.000242591231,1
h0,165.005,1010.000246550399,1
h0,152.77,1011.000237509584,1
h0,140.54,1012.000241468793,1
h0,128.294,1013.000245427944,1
h0,116.057,1014.000236387125,1
h0,103.822,1015.000240346312,1
h0,91.6101,1016.000244305579,1
h0,79.4425,1017.000235264992,1
h0,67.2742,1018.000239224402,1
h0,55.1595,1019.000243183992,1
h0,43.1043,1020.00023414378,1
h0,31.2694,1021.000238104303,1
h0,19.9802,1022.000242066647,1
h0,10.9481,1023.000246036519,1
h0,11.8974,1024.000237039686,1
h0,21.5275,1025.000241071808,1
h0,32.9533,1026.00024510992,1
h0,44.8238,1027.000236149516,1
h0,56.8537,1028.000240189644,1
h0,68.9928,1029.000244230135,1
h0,81.149,1030.000235270684,1
h0,93.3414,1031.000239311353,1
h0,105.55,1032.000243352076,1
h0,117.775,1033.000234392855,1
h0,129.99,1034.000238433599,1
h0,142.246,1035.000242474482,1
h0,154.462,1036.00024651523,1
h0,166.686,1037.000237556006,1
h0,178.895,1038.000241596728,1
h0,191.105,1039.000245637456,1
h0,203.361,1040.000236678339,1
h0,215.601,1041.000240719168,1
h0,227.875,1042.000244760108,1
h0,240.099,1043.000235800885,1
h0,252.394,1044.000239841896,1
h0,264.936,1045.000243883731,1
h0,279.179,1046.000234931241,1
h0,294.81,1047.00023898338,1
h0,309.627,1048.000243032804,1
h0,323.576,1049.000247079334,1
h0,337.004,1050.000238124124,1
h0,350.032,1051.000242167581,1
h0,362.778,1052.000246210099,1
h0,375.657,1053.000237253058,1
