h0,410.563,961.000246369491,1
h0,389.97,962.0002373008,1
h0,370.449,963.000241235684,1
h0,351.818,964.000245173539,1
h0,333.859,965.000236113635,1
h0,316.376,966.000240055316,1
h0,299.261,967.000243998228,1
h0,282.459,968.000234942183,1
h0,265.828,969.000238886706,1
h0,249.271,970.000242831479,1
h0,232.807,971.000246776562,1
h0,216.413,972.000237721876,1
h0,200.073,973.000241667372,1
h0,183.764,974.000245612969,1
h0,167.492,975.000236558692,1
h0,151.237,976.000240504472,1
h0,135.005,977.000244450329,1
h0,118.371,978.000235394843,1
h0,100.211,979.000239334269,1
h0,80.1533,980.000243267363,1
h0,58.0728,981.00023419371,1
h0,34.2544,982.00023811426,1
h0,9.97602,983.000242033276,1
h0,21.1358,984.000246070501,1
h0,48.1896,985.000237160743,1
h0,75.1,986.000241250507,1
h0,101.419,987.000245338297,1
h0,127.2,988.000236424295,1
h0,152.402,989.000240508359,1
h0,177.118,990.000244590803,1
h0,201.704,991.000235672812,1
h0,226.234,992.000239754637,1
h0,250.824,993.00024383666,1
h0,276.207,994.000234921327,1
h0,301.549,995.000239005859,1
h0,326.364,996.000243088635,1
h0,350.72,997.000247169876,1
h0,374.828,998.000238250293,1
