h0,408.904,946.000238363956,1
h0,385.859,947.000242287087,1
h0,362.975,948.000246210754,1
h0,340.147,949.000237134607,1
h0,317.407,950.000241058756,1
h0,294.699,951.00024498301,1
h0,271.983,952.000235907237,1
h0,249.292,953.00023983155,1
h0,226.539,954.000243755651,1
h0,203.839,955.000234679934,1
h0,181.061,956.000238603956,1
h0,158.241,957.000242527836,1
h0,135.407,958.000246451668,1
h0,112.53,959.000237375361,1
h0,89.6551,960.000241299057,1
h0,66.7476,961.000245222646,1
h0,43.8642,962.000236146315,1
h0,21.2696,963.000240070948,1
h0,7.03035,964.000244023451,1
h0,26.8423,965.000235089536,1
h0,49.6512,966.000239165619,1
h0,72.776,967.000243242755,1
h0,96.0083,968.000234320249,1
h0,119.291,969.000238397913,1
h0,142.609,970.000242475692,1
h0,165.948,971.000246553543,1
h0,189.302,972.000237631442,1
h0,212.702,973.000241709498,1
h0,236.111,974.000245787581,1
h0,259.591,975.000236865903,1
h0,283.054,976.000240944168,1
h0,306.539,977.000245022504,1
h0,330.093,978.000236101072,1
h0,353.621,979.000240179554,1
h0,377.179,980.000244258135,1
