h0,247.229,916.000234824666,1
h0,270.716,917.000238903013,1
h0,292.13,918.000242974441,1
h0,310.863,919.000247036927,1
h0,325.105,920.000238084433,1
h0,336.004,921.000242120789,1
h0,346.508,922.000246155827,1
h0,356.646,923.000237189642,1
h0,366.091,924.000241221149,1
h0,373.794,925.000245246843,1
h0,379.554,926.000236266056,1
h0,383.395,927.000240278868,1
h0,385.262,928.000244285097,1
h0,385.207,929.000235284911,1
h0,383.24,930.000239278351,1
h0,379.29,931.000243265174,1
h0,373.523,932.00024724594,1
h0,367.274,933.000238225094,1
h0,361.037,934.00024220429,1
h0,354.782,935.000246183425,1
h0,348.521,936.00023716254,1
h0,342.278,937.000241141715,1
h0,335.996,938.000245120761,1
h0,329.841,939.000236100233,1
h0,323.496,940.000240079067,1
h0,316.693,941.000244056373,1
h0,309.477,942.000235032303,1
h0,301.887,943.000239006986,1
h0,293.931,944.000242980448,1
h0,285.714,945.000246953038,1
h0,277.245,946.000237924791,1
h0,268.555,947.000241895802,1
h0,259.821,948.00024586667,1
h0,251.94,949.000236840383,1
h0,244.912,950.000240816939,1
h0,238.698,951.000244796211,1
h0,233.179,952.0002357778,1
h0,228.3,953.000239761528,1
h0,223.997,954.000243747172,1
h0,220.173,955.000234734419,1
h0,216.679,956.000238722764,1
h0,214.081,957.000242714098,1
h0,213.549,958.000246712322,1
h0,214.113,959.000237714205,1
h0,214.629,960.000241715925,1
h0,214.974,961.000245717076,1
h0,215.196,962.000236717816,1
h0,215.341,963.0002407183,1
h0,216.066,964.00024472072,1
h0,217.765,965.000235726387,1
h0,220.368,966.00023973507,1
h0,223.123,967.000243744257,1
h0,226.113,968.000234754232,1
h0,229.351,969.000238765032,1
h0,232.709,970.000242776233,1
h0,236.148,971.000246787704,1
h0,238.909,972.000237796915,1
h0,240.066,973.000241800774,1
h0,240.061,974.000245800756,1
h0,239.949,975.000236800383,1
h0,239.795,976.00024079987,1
h0,239.712,977.000244799592,1
h0,239.484,978.000235798832,1
h0,239.248,979.000239798044,1
h0,238.945,980.000243797034,1
h0,238.612,981.000234795924,1
h0,238.314,982.000238794929,1
h0,238.064,983.000242794097,1
h0,238.775,984.000246796469,1
h0,240.223,985.000237801299,1
h0,242.663,986.000241809436,1
h0,245.999,987.000245820565,1
