h0,396.442,955.000235322389,1
h0,363.49,956.000239212472,1
h0,330.525,957.000243102514,1
h0,297.51,958.000246992387,1
h0,264.516,959.000237882332,1
h0,232.088,960.000241774163,1
h0,200.02,961.000245667194,1
h0,168.354,962.000236561569,1
h0,136.97,963.000240456882,1
h0,105.834,964.000244353025,1
h0,75.1409,965.000235250643,1
h0,45.8139,966.000239152819,1
h0,18.2786,967.000243060971,1
h0,11.8863,968.000234039649,1
h0,36.8119,969.000238122791,1
h0,62.07,970.000242207043,1
h0,86.8418,971.000246289673,1
h0,111.178,972.000237370848,1
h0,135.166,973.000241450864,1
h0,158.82,974.000245529766,1
h0,182.895,975.000236610071,1
h0,207.07,976.000240690712,1
h0,231.145,977.000244771018,1
h0,255.19,978.000235851224,1
h0,279.199,979.000239931306,1
h0,303.183,980.000244011311,1
h0,327.127,981.000235091177,1
h0,351.075,982.000239171061,1
h0,374.994,983.000243250846,1
