h0,401.099,943.000239337923,1
h0,360.631,944.000243202934,1
h0,318.255,945.000247061586,1
h0,273.82,946.000237913366,1
h0,227.486,947.00024175881,1
h0,181.018,948.000245603812,1
h0,136.279,949.000236454577,1
h0,93.7285,950.000240312645,1
h0,53.2208,951.000244177525,1
h0,14.7369,952.000235049157,1
h0,22.9026,953.000239076395,1
h0,58.3421,954.000243194608,1
h0,92.6537,955.000234309059,1
h0,125.855,956.000238419808,1
h0,158.056,957.00024252722,1
h0,189.453,958.000246631948,1
h0,220.12,959.000237734243,1
h0,250.311,960.000241834949,1
h0,280.934,961.000245937096,1
h0,312.358,962.000237041915,1
h0,345.008,963.000241150822,1
h0,378.316,964.000245261928,1
