h0,29.2974,902.000291097726,1
h0,39.9233,903.00024313317,1
h0,50.5158,904.000234168502,1
h0,61.1832,905.000238204085,1
h0,71.7703,906.0002422394,1
h0,82.3315,907.000246274628,1
h0,92.9267,908.00023730997,1
h0,102.58,909.00024134217,1
h0,109.711,910.000245365956,1
h0,115.011,911.000236383635,1
h0,119.885,912.000240399893,1
h0,124.398,913.000244414947,1
h0,128.654,914.000235429142,1
h0,132.672,915.000239442546,1
h0,136.426,916.000243455069,1
h0,140.423,917.0002344684,1
h0,144.9,918.000238483334,1
h0,149.486,919.000242498631,1
h0,154.214,920.000246514404,1
h0,159.01,921.000237530399,1
h0,163.7,922.000241546043,1
h0,166.752,923.000245556225,1
h0,167.748,924.000236559549,1
h0,166.739,925.000240556182,1
h0,163.855,926.000244546563,1
h0,158.969,927.000235530263,1
h0,152.357,928.000239508208,1
h0,145.744,929.000243486148,1
h0,140.003,930.000234467,1
h0,134.887,931.000238449934,1
h0,130.37,932.000242434866,1
h0,126.367,933.000246421513,1
h0,122.962,934.000237410157,1
h0,119.886,935.000241399898,1
h0,117.208,936.000245390964,1
h0,114.871,937.000236383167,1
h0,112.839,938.000240376391,1
h0,111.123,939.000244370666,1
h0,109.61,940.000235365619,1
h0,108.347,941.000239361407,1
h0,107.261,942.000243357783,1
h0,106.312,943.00023435462,1
h0,105.492,944.000238351882,1
h0,104.803,945.000242349584,1
h0,104.204,946.000246347588,1
h0,103.723,947.000237345984,1
h0,103.276,948.000241344491,1
h0,102.964,949.00024534345,1
h0,102.659,950.000236342432,1
h0,102.394,951.000240341551,1
h0,102.193,952.000244340878,1
h0,102.014,953.000235340283,1
h0,101.901,954.000239339905,1
h0,101.721,955.000243339304,1
h0,101.556,956.000234338754,1
h0,101.454,957.000238338414,1
h0,101.36,958.0002423381,1
h0,101.315,959.000246337952,1
h0,101.259,960.000237337765,1
h0,101.378,961.000241338162,1
h0,102.616,962.000245342289,1
h0,104.595,963.000236348892,1
h0,105.755,964.000240352762,1
h0,106.048,965.000244353737,1
h0,105.662,966.000235352449,1
h0,104.776,967.000239349494,1
h0,103.649,968.000243345736,1
h0,102.304,969.000234341251,1
h0,100.795,970.000238336217,1
h0,99.1641,971.000242330776,1
h0,97.5692,972.000246325456,1
h0,95.9627,973.000237320097,1
h0,94.4216,974.000241314957,1
h0,92.9732,975.000245310125,1
h0,91.624,976.000236305625,1
h0,90.4473,977.0002403017,1
h0,89.3158,978.000244297925,1
h0,87.3466,979.000235291357,1
h0,85.3533,980.000239284708,1
h0,84.7955,981.000243282847,1
h0,85.4031,982.000234284874,1
h0,87.0197,983.000238290266,1
h0,89.4428,984.000242298349,1
h0,92.4806,985.000246308482,1
h0,95.9342,986.000237320002,1
h0,99.757,987.000241332753,1
h0,103.749,988.000245346071,1
h0,107.994,989.000236360229,1
h0,112.497,990.00024037525,1
h0,117.956,991.000244393458,1
h0,124.367,992.000235414844,1
h0,131.101,993.000239437306,1
h0,138.057,994.000243460509,1
h0,145.19,995.000234484302,1
h0,152.43,996.000238508453,1
h0,159.829,997.000242533132,1
h0,167.339,998.000246558182,1
h0,174.88,999.000237583336,1
h0,182.609,1000.000241609118,1
h0,190.284,1001.000245634718,1
h0,197.993,1002.000236660435,1
h0,205.76,1003.00024068634,1
h0,213.517,1004.000244712215,1
h0,221.33,1005.000235738277,1
h0,229.163,1006.000239764406,1
h0,237.008,1007.000243790574,1
h0,244.862,1008.00023481677,1
h0,252.734,1009.00023884303,1
h0,260.631,1010.00024286937,1
h0,268.558,1011.000246895813,1
h0,276.427,1012.000237922062,1
h0,284.383,1013.000241948598,1
h0,292.287,1014.000245974964,1
h0,300.191,1015.00023700133,1
h0,308.206,1016.000241028064,1
h0,314.999,1017.000245050724,1
h0,322.256,1018.000236074931,1
