h0,413.008,947.000242377645,1
h0,369.823,948.000246233596,1
h0,328.113,949.000237094467,1
h0,287.946,950.000240960484,1
h0,249.338,951.000244831701,1
h0,212.431,952.000235708594,1
h0,176.969,953.000239590304,1
h0,142.798,954.000243476322,1
h0,109.737,955.000234366043,1
h0,77.6581,956.000238259039,1
h0,46.3699,957.000242154673,1
h0,15.941,958.000246053174,1
h0,14.818,959.000237049427,1
h0,44.2234,960.000241147513,1
h0,73.4248,961.000245244919,1
h0,102.282,962.000236341177,1
h0,130.905,963.000240436653,1
h0,159.328,964.000244531462,1
h0,187.586,965.000235625718,1
h0,215.783,966.000239719773,1
h0,245.143,967.00024381771,1
h0,275.948,968.000234920463,1
h0,307.173,969.000239024618,1
h0,339.804,970.000243133464,1
h0,373.999,971.000247247528,1
