h0,412.488,956.000239375912,1
h0,371.861,957.000243240394,1
h0,331.255,958.000247104949,1
h0,290.606,959.000237969359,1
h0,250.038,960.000241834036,1
h0,209.449,961.000245698646,1
h0,168.837,962.00023656318,1
h0,129.326,963.000240431384,1
h0,91.1744,964.000244304125,1
h0,54.1846,965.000235180741,1
h0,18.7215,966.000239062448,1
h0,18.6745,967.000243062291,1
h0,56.25,968.00023418763,1
h0,95.1496,969.000238317385,1
h0,134.1,970.000242447309,1
h0,173.077,971.000246577322,1
h0,212.045,972.000237707306,1
h0,251.051,973.000241837417,1
h0,290.087,974.000245967625,1
h0,329.093,975.000237097735,1
h0,367.675,976.000241226433,1
