h0,380.478,953.000240269139,1
h0,337.555,954.000244125964,1
h0,294.597,955.000234982669,1
h0,251.565,956.000238839129,1
h0,208.497,957.000242695473,1
h0,165.408,958.000246551741,1
h0,121.789,959.000237406244,1
h0,76.7074,960.000241255868,1
h0,30.8134,961.000245102782,1
h0,14.9288,962.000236049797,1
h0,57.444,963.000240191613,1
h0,97.7899,964.000244326192,1
h0,136.316,965.000235454702,1
h0,172.678,966.000239575992,1
h0,207.474,967.000243692058,1
h0,241.11,968.000234804256,1
h0,273.73,969.000238913065,1
h0,305.403,970.000243018715,1
h0,335.688,971.000247119733,1
h0,364.715,972.000238216557,1
