h0,404.659,972.000238349798,1
h0,382.564,973.000242276095,1
h0,361.78,974.000246206767,1
h0,342.041,975.000237140925,1
h0,323.135,976.000241077864,1
h0,304.857,977.000245016893,1
h0,287.14,978.000235957797,1
h0,269.825,979.00023990004,1
h0,252.757,980.000243843106,1
h0,235.88,981.000234786809,1
h0,219.207,982.000238731195,1
h0,202.678,983.000242676061,1
h0,186.225,984.000246621178,1
h0,169.849,985.000237566557,1
h0,153.526,986.000241512106,1
h0,137.223,987.000245457727,1
h0,120.945,988.00023640343,1
h0,104.712,989.00024034928,1
h0,88.5437,990.00024429535,1
h0,72.3643,991.000235241381,1
h0,56.2862,992.000239187751,1
h0,40.3172,993.000243134484,1
h0,24.8543,994.000234082905,1
h0,11.6866,995.000238038982,1
h0,13.5372,996.000242045155,1
h0,27.5057,997.000246091749,1
h0,43.1138,998.000237143812,1
h0,59.0603,999.000241197004,1
h0,75.1217,1000.000245250579,1
h0,91.2499,1001.000236304377,1
h0,107.403,1002.000240358257,1
h0,123.59,1003.000244412253,1
h0,139.795,1004.000235466307,1
h0,155.991,1005.000239520329,1
h0,172.114,1006.000243574111,1
h0,188.197,1007.000234627757,1
h0,204.15,1008.000238680972,1
h0,220.085,1009.000242734126,1
h0,235.877,1010.0002467868,1
h0,251.591,1011.000237839218,1
h0,267.217,1012.00024189134,1
h0,282.766,1013.000245943205,1
h0,298.25,1014.000236994855,1
h0,313.755,1015.000241046573,1
h0,329.134,1016.000245097873,1
h0,344.48,1017.000236149061,1
h0,359.776,1018.000240200083,1
h0,375.066,1019.000244251084,1
