h0,152.465,928.00029150857,1
h0,161.778,929.000243539634,1
h0,170.563,930.000234568937,1
h0,176.758,931.0002385896,1
h0,179.349,932.000242598242,1
h0,178.538,933.000246595539,1
h0,174.838,934.000237583198,1
h0,168.413,935.000241561765,1
h0,159.747,936.00024553286,1
h0,150.589,937.000236502312,1
h0,139.97,938.000240466891,1
h0,129.302,939.000244431304,1
h0,119.856,940.000235399795,1
h0,111.45,941.000239371758,1
h0,104.094,942.000243347221,1
h0,98.4638,943.00023432844,1
h0,94.6439,944.000238315698,1
h0,91.2664,945.000242304432,1
h0,88.0795,946.000246293802,1
h0,84.9678,947.000237283422,1
h0,81.9395,948.000241273321,1
h0,78.3931,949.000245261491,1
h0,73.5875,950.000236245461,1
h0,69.6112,951.000240232198,1
h0,66.4931,952.000244221797,1
h0,64.1197,953.00023521388,1
h0,62.2028,954.000239207486,1
h0,60.7757,955.000243202726,1
h0,59.7153,956.000234199189,1
h0,58.8997,957.000238196468,1
h0,58.2758,958.000242194387,1
h0,57.7865,959.000246192755,1
h0,57.4206,960.000237191534,1
h0,57.153,961.000241190642,1
h0,56.9251,962.000245189882,1
h0,56.7645,963.000236189346,1
h0,56.6631,964.000240189008,1
h0,56.6637,965.00024418901,1
h0,56.5989,966.000235188793,1
h0,56.5247,967.000239188546,1
h0,56.472,968.00024318837,1
h0,56.46,969.00023418833,1
h0,56.4235,970.000238188209,1
h0,56.4164,971.000242188185,1
h0,56.4077,972.000246188156,1
h0,56.416,973.000237188184,1
h0,56.2825,974.000241187738,1
h0,56.2834,975.000245187741,1
h0,56.2727,976.000236187706,1
h0,56.2931,977.000240187774,1
h0,56.2642,978.000244187677,1
h0,56.2366,979.000235187585,1
h0,56.2566,980.000239187652,1
h0,56.2679,981.00024318769,1
h0,55.9782,982.000234186723,1
h0,53.8621,983.000238179665,1
h0,50.4281,984.00024216821,1
h0,47.9042,985.000246159791,1
h0,45.9963,986.000237153427,1
h0,43.3907,987.000241144736,1
h0,40.1684,988.000245133987,1
h0,36.4136,989.000236121463,1
h0,32.6152,990.000240108793,1
h0,30.3885,991.000244101365,1
h0,29.0685,992.000235096962,1
h0,26.7302,993.000239089162,1
h0,23.5019,994.000243078394,1
h0,19.6103,995.000234065413,1
h0,15.2717,996.000238050941,1
h0,10.6931,997.000242035668,1
h0,6.15908,998.000246020544,1
h0,3.20204,999.000237010681,1
h0,6.05074,1000.000241020183,1
h0,10.9063,1001.00024503638,1
h0,16.1063,1002.000236053725,1
h0,21.3813,1003.00024007132,1
h0,27.49,1004.000244091697,1
h0,35.6163,1005.000235118803,1
h0,45.7604,1006.00023915264,1
h0,58.0218,1007.00024319354,1
h0,72.4079,1008.000234241527,1
h0,88.1098,1009.000238293903,1
h0,102.698,1010.000242342565,1
h0,116.011,1011.000246386972,1
h0,128.331,1012.000237428067,1
h0,139.676,1013.000241465909,1
h0,150.286,1014.0002455013,1
h0,160.222,1015.000236534442,1
h0,169.623,1016.000240565801,1
h0,178.591,1017.000244595716,1
h0,187.211,1018.00023562447,1
h0,195.543,1019.000239652261,1
h0,203.659,1020.000243679335,1
h0,211.601,1021.000234705824,1
h0,219.356,1022.000238731693,1
h0,227.045,1023.00024275734,1
h0,234.705,1024.000246782892,1
h0,243.657,1025.000237812751,1
h0,254.413,1026.000241848631,1
h0,267.205,1027.000245891299,1
h0,281.963,1028.000236940527,1
h0,298.347,1029.000240995179,1
h0,313.99,1030.000245047358,1
h0,328.401,1031.000236095429,1
h0,341.811,1032.000240140157,1
h0,354.323,1033.000244181894,1
h0,366.038,1034.000235220972,1
h0,377.107,1035.000239257894,1
h0,387.674,1036.00024329314,1
h0,388.276,1070.000236295151,1
h0,379.148,1071.000240264702,1
h0,370.923,1072.000244237266,1
h0,363.607,1073.000235212861,1
h0,357.029,1074.000239190921,1
h0,351.237,1075.0002431716,1
h0,346.145,1076.000247154616,1
h0,341.764,1077.000238140002,1
h0,338.149,1078.000242127944,1
h0,336.885,1079.000246123729,1
h0,337.545,1080.000237125928,1
h0,338.034,1081.000241127561,1
h0,338.191,1082.000245128084,1
h0,338.119,1083.000236127845,1
h0,337.893,1084.000240127089,1
h0,337.536,1085.0002441259,1
h0,338.255,1086.000235128298,1
