h0,380.355,951.000245268727,1
h0,343.071,952.000236144363,1
h0,306.328,953.0002400218,1
h0,270.15,954.000243901122,1
h0,234.447,955.000234782032,1
h0,199.121,956.000238664197,1
h0,164.171,957.000242547616,1
h0,129.528,958.000246432058,1
h0,95.1928,959.000237317529,1
h0,60.7829,960.00024120275,1
h0,25.9817,961.000245086666,1
h0,10.4121,962.000236034731,1
h0,46.6702,963.000240155675,1
h0,84.3678,964.000244281421,1
h0,123.118,965.000235410677,1
h0,162.096,966.000239540693,1
h0,201.112,967.000243670838,1
h0,240.137,968.00023480101,1
h0,279.142,969.000238931118,1
h0,318.166,970.000243061288,1
h0,357.224,971.00024719157,1
