h0,412.22,971.000247375019,1
h0,385.983,972.000238287499,1
h0,359.958,973.000242200691,1
h0,334.092,974.000246114409,1
h0,308.356,975.000237028565,1
h0,282.762,976.000240943194,1
h0,257.33,977.000244858359,1
h0,231.986,978.000235773821,1
h0,206.498,979.000239688802,1
h0,180.077,980.000243600672,1
h0,152.602,981.000234509024,1
h0,124.94,982.000238416755,1
h0,97.1752,983.000242324142,1
h0,69.3709,984.000246231397,1
h0,41.8867,985.000237139719,1
h0,15.0983,986.000241050363,1
h0,12.1706,987.000245040597,1
h0,37.8864,988.000236126375,1
h0,63.4697,989.000240211712,1
h0,88.6838,990.000244295817,1
h0,113.534,991.000235378708,1
h0,138.093,992.00023946063,1
h0,162.348,993.000243541534,1
h0,186.466,994.000234621985,1
h0,210.678,995.000238702747,1
h0,235.578,996.000242785804,1
h0,261.421,997.000246872005,1
h0,289.3,998.000237965001,1
h0,319.111,999.000242064439,1
h0,348.873,1000.000246163716,1
h0,378.321,1001.000237261943,1
