h0,397.101,954.000244324585,1
h0,362.544,955.000235209317,1
h0,326.788,956.000239090047,1
h0,290.923,957.000242970414,1
h0,255.539,958.000246852385,1
h0,220.56,959.000237735709,1
h0,186.008,960.000241620456,1
h0,151.96,961.000245506885,1
h0,118.864,962.000236396489,1
h0,86.6588,963.000240289063,1
h0,55.3572,964.000244184652,1
h0,25.0046,965.000235083406,1
h0,5.83464,966.000239019462,1
h0,33.9572,967.000243113269,1
h0,62.2221,968.000234207551,1
h0,90.023,969.000238300284,1
h0,117.314,970.000242391317,1
h0,144.157,971.000246480857,1
h0,170.52,972.000237568793,1
h0,196.471,973.000241655355,1
h0,222.082,974.000245740785,1
h0,247.33,975.000236825005,1
h0,272.182,976.0002409079,1
h0,296.77,977.00024498992,1
h0,321.026,978.000236070828,1
h0,345.282,979.000240151736,1
h0,371.017,980.000244237581,1
