h0,411.272,955.000235371857,1
h0,384.713,956.000239283264,1
h0,358.844,957.000243196976,1
h0,333.488,958.000247112395,1
h0,308.513,959.000238029088,1
h0,283.792,960.000241946628,1
h0,259.255,961.000245864781,1
h0,234.855,962.000236783393,1
h0,210.539,963.000240702282,1
h0,185.829,964.000244619858,1
h0,159.535,965.000235532152,1
h0,132.201,966.000239440977,1
h0,105.282,967.000243351184,1
h0,78.8208,968.000234262918,1
h0,52.8091,969.000238176152,1
h0,27.3136,970.000242091108,1
h0,6.4756,971.0002460216,1
h0,25.4012,972.000237084729,1
h0,50.5368,973.000241168573,1
h0,75.7877,974.0002452528,1
h0,101.06,975.000236337099,1
h0,126.264,976.000240421173,1
h0,151.404,977.000244505029,1
h0,176.527,978.000235588832,1
h0,201.633,979.000239672574,1
h0,226.717,980.000243756246,1
h0,251.731,981.000234839684,1
h0,276.696,982.000238922958,1
h0,301.68,983.000243006296,1
h0,326.686,984.000247089706,1
h0,351.638,985.000238172938,1
h0,376.587,986.000242256159,1
