h0,397.815,972.000242326966,1
h0,375.16,973.000246251398,1
h0,352.555,974.000237175998,1
h0,329.919,975.000241100492,1
h0,307.198,976.000245024701,1
h0,284.443,977.000235948799,1
h0,261.669,978.000239872832,1
h0,238.852,979.000243796724,1
h0,215.959,980.000234720361,1
h0,193.02,981.000238643845,1
h0,170.013,982.000242567104,1
h0,147.003,983.00024649035,1
h0,123.99,984.000237413585,1
h0,100.96,985.000241336766,1
h0,78.0695,986.000245260412,1
h0,55.0692,987.000236183691,1
h0,32.2421,988.000240107548,1
h0,10.6182,989.000244035419,1
h0,15.9794,990.000235053302,1
h0,38.3366,991.000239127877,1
h0,61.2945,992.000243204456,1
h0,84.3862,993.000234281482,1
h0,107.525,994.000238358665,1
h0,130.68,995.000242435903,1
h0,153.887,996.000246513311,1
h0,177.055,997.000237590593,1
h0,200.266,998.000241668017,1
h0,223.351,999.000245745017,1
h0,246.561,1000.000236822439,1
h0,269.761,1001.000240899825,1
h0,292.981,1002.000244977279,1
h0,316.191,1003.000236054699,1
h0,339.497,1004.000240132441,1
h0,363.553,1005.000244212682,1
