h0,404.981,953.000240350871,1
h0,372.379,954.000244242124,1
h0,339.763,955.000235133327,1
h0,307.192,956.000239024681,1
h0,274.56,957.000242915832,1
h0,242,958.000246807225,1
h0,209.518,959.000237698878,1
h0,176.932,960.000241590183,1
h0,144.359,961.000245481529,1
h0,111.797,962.000236372916,1
h0,79.2391,963.000240264313,1
h0,46.8411,964.000244156245,1
h0,15.5297,965.000235051801,1
h0,18.4207,966.000239061445,1
h0,48.3851,967.000243161395,1
h0,78.1586,968.000234260709,1
h0,107.593,969.000238358891,1
h0,136.523,970.00024245539,1
h0,165.017,971.000246550438,1
h0,193.148,972.000237644272,1
h0,220.931,973.000241736945,1
h0,248.419,974.000245828636,1
h0,275.602,975.000236919309,1
h0,302.662,976.000241009571,1
h0,329.543,977.000245099236,1
h0,356.287,978.000236188446,1
