h0,403.804,995.000239346946,1
h0,374.696,996.000243249853,1
h0,345.592,997.000247152771,1
h0,316.444,998.000238055545,1
h0,287.241,999.000241958134,1
h0,258.044,1000.000245860744,1
h0,228.818,1001.000236763256,1
h0,199.656,1002.000240665981,1
h0,170.436,1003.000244568514,1
h0,141.611,1004.000235472364,1
h0,113.672,1005.000239379169,1
h0,85.9575,1006.000243286723,1
h0,58.2728,1007.000234194377,1
h0,31.1276,1008.000238103831,1
h0,7.55747,1009.000242025209,1
h0,24.9955,1010.000246083376,1
h0,54.2165,1011.000237180847,1
h0,83.9809,1012.00024128013,1
h0,112.872,1013.000245376502,1
h0,139.479,1014.000236465253,1
h0,164.137,1015.000240547503,1
h0,187.18,1016.000244624365,1
h0,209.807,1017.00023569984,1
h0,232.807,1018.00023977656,1
h0,255.142,1019.000243851063,1
h0,276.759,1020.000234923167,1
h0,297.67,1021.000238992919,1
h0,318.195,1022.000243061383,1
h0,338.46,1023.000247128981,1
h0,358.592,1024.000238196133,1
h0,378.657,1025.000242263064,1
