h0,395.889,945.000247320542,1
h0,366.064,946.000238221059,1
h0,336.139,947.000242121238,1
h0,305.605,948.00024601939,1
h0,274.829,949.000236916731,1
h0,244.145,950.00024081438,1
h0,213.579,951.000244712422,1
h0,183.077,952.000235610681,1
h0,152.552,953.000239508859,1
h0,120.871,954.000243403182,1
h0,87.4457,955.000234291688,1
h0,53.4464,956.000238178278,1
h0,19.4008,957.000242064714,1
h0,15.4782,958.00024605163,1
h0,49.5542,959.000237165295,1
h0,83.7716,960.000241279432,1
h0,117.967,961.000245393495,1
h0,153.297,962.000236511345,1
h0,190.402,963.000240635111,1
h0,227.227,964.000244757946,1
h0,263.148,965.000235877769,1
h0,298.228,966.000239994781,1
h0,332.59,967.000244109399,1
h0,366.331,968.000235221949,1
