h0,404.77,945.000247350167,1
h0,362.027,946.000238207593,1
h0,319.753,947.00024206658,1
h0,277.86,948.00024592684,1
h0,236.293,949.000236788188,1
h0,195.097,950.000240650772,1
h0,154.195,951.000244514339,1
h0,113.61,952.000235378964,1
h0,73.2831,953.000239244446,1
h0,33.2733,954.000243110988,1
h0,7.72932,955.000234025782,1
h0,48.9573,956.000238163304,1
h0,92.518,957.000242308607,1
h0,137.748,958.000246459478,1
h0,184.202,959.000237614432,1
h0,230.362,960.000241768407,1
h0,276.6,961.000245922638,1
h0,320.858,962.000237070265,1
h0,363.294,963.000241211817,1
