h0,408.339,954.000244362071,1
h0,377.33,955.000235258638,1
h0,346.353,956.000239155309,1
h0,315.337,957.000243051851,1
h0,284.317,958.000246948378,1
h0,253.312,959.000237844959,1
h0,222.937,960.000241743637,1
h0,193.694,961.000245646095,1
h0,165.476,962.000236551969,1
h0,138.09,963.00024046062,1
h0,111.242,964.000244371062,1
h0,83.0275,965.00023527695,1
h0,54.0998,966.000239180458,1
h0,23.5414,967.000243078526,1
h0,11.1975,968.000234037351,1
h0,41.7902,969.000238139397,1
h0,73.7281,970.00024224593,1
h0,105.97,971.000246353479,1
h0,138.098,972.000237460646,1
h0,168.299,973.000241561385,1
h0,196.638,974.000245655914,1
h0,223.436,975.000236745301,1
h0,248.971,976.000240830479,1
h0,274.127,977.00024491439,1
h0,299.472,978.00023599893,1
h0,324.392,979.000240082054,1
h0,348.698,980.00024416313,1
h0,372.436,981.000235242313,1
