h0,415.597,974.000246386284,1
h0,389.181,975.000237298168,1
h0,362.658,976.000241209696,1
h0,335.962,977.000245120649,1
h0,309.103,978.000236031055,1
h0,282.151,979.000239941156,1
h0,255.082,980.000243850861,1
h0,227.876,981.000234760112,1
h0,200.665,982.000238669348,1
h0,173.356,983.000242578253,1
h0,145.987,984.00024648696,1
h0,118.528,985.000237395366,1
h0,91.0094,986.000241303575,1
h0,63.3734,987.000245211391,1
h0,35.5249,988.000236118498,1
h0,7.94603,989.000240026505,1
h0,21.3158,990.000244071102,1
h0,49.8831,991.000235166392,1
h0,78.8936,992.000239263161,1
h0,108.009,993.000243360279,1
h0,137.443,994.000234458462,1
h0,168.552,995.000238562229,1
h0,201.599,996.000242672463,1
h0,236.604,997.000246789227,1
h0,273.786,998.000237913253,1
h0,312.92,999.000242043787,1
h0,354.029,1000.000246180912,1
