h0,398.049,958.000242327748,1
h0,363.835,959.000246213625,1
h0,330.286,960.000237101714,1
h0,297.379,961.000240991949,1
h0,264.998,962.000244883938,1
h0,233.001,963.000235777209,1
h0,201.411,964.000239671835,1
h0,170.164,965.000243567604,1
h0,139.153,966.000234464164,1
h0,108.369,967.00023836148,1
h0,77.7385,968.000242259308,1
h0,47.1684,969.000246157337,1
h0,16.8363,970.00023705616,1
h0,14.331,971.000241047803,1
h0,44.6216,972.000245148842,1
h0,75.2847,973.000236251123,1
h0,107.205,974.000240357597,1
h0,139.427,975.000244465078,1
h0,171.809,976.000235573095,1
h0,204.242,977.000239681276,1
h0,236.74,978.000243789679,1
h0,269.262,979.00023489816,1
h0,301.865,980.000239006914,1
h0,334.457,981.000243115628,1
h0,367.104,982.000247224527,1
