h0,398.611,967.000244329624,1
h0,376.284,968.000235255147,1
h0,353.819,969.000239180214,1
h0,331.25,970.000243104931,1
h0,308.57,971.000247029279,1
h0,285.795,972.000237953311,1
h0,262.883,973.000241876882,1
h0,239.853,974.000245800063,1
h0,216.679,975.000236722762,1
h0,193.399,976.000240645109,1
h0,169.959,977.000244566921,1
h0,146.426,978.000235488426,1
h0,122.711,979.000239409319,1
h0,98.9155,980.000243329947,1
h0,75.0016,981.000234250178,1
h0,50.9986,982.000238170113,1
h0,26.92,983.000242089795,1
h0,4.03963,984.000246013475,1
h0,22.1307,985.00023707382,1
h0,46.4539,986.000241154954,1
h0,70.9614,987.000245236702,1
h0,95.5435,988.000236318699,1
h0,120.208,989.000240400972,1
h0,144.946,990.000244483487,1
h0,169.721,991.000235566127,1
h0,194.579,992.000239649045,1
h0,219.526,993.00024373226,1
h0,244.526,994.00023481565,1
h0,269.553,995.000238899131,1
h0,294.537,996.00024298247,1
h0,318.816,997.000247063457,1
h0,342.206,998.000238141477,1
h0,364.857,999.000242217032,1
