h0,32.0173,901.000291106798,1
h0,42.6461,902.000243142252,1
h0,52.7579,903.000234175981,1
h0,59.6558,904.00023819899,1
h0,63.2071,905.000242210836,1
h0,63.7293,906.000246212578,1
h0,61.3517,907.000237204647,1
h0,56.3663,908.000241188018,1
h0,50.891,909.000245169754,1
h0,46.2618,910.000236154313,1
h0,42.4778,911.000240141691,1
h0,39.4196,912.000244131489,1
h0,37.0009,913.000235123422,1
h0,33.1666,914.000239110632,1
h0,29.0861,915.000243097021,1
h0,25.2353,916.000234084176,1
h0,21.6406,917.000238072185,1
h0,18.1588,918.000242060571,1
h0,14.8702,919.000246049602,1
h0,10.7684,920.000237035919,1
h0,5.68047,921.000241018948,1
h0,3.94089,922.000245013145,1
h0,11.3445,923.000236037841,1
h0,21.543,924.00024007186,1
h0,32.3084,925.000244107769,1
h0,41.9971,926.000235140087,1
h0,50.5648,927.000239168666,1
h0,58.1564,928.000243193989,1
h0,64.91,929.000234216517,1
h0,70.8731,930.000238236407,1
h0,76.1535,931.000242254021,1
h0,80.7409,932.000246269323,1
h0,84.7799,933.000237282795,1
h0,88.353,934.000241294714,1
h0,91.5066,935.000245305233,1
h0,94.32,936.000236314618,1
h0,96.8382,937.000240323017,1
h0,99.1021,938.000244330569,1
h0,101.208,939.000235337593,1
h0,103.147,940.000239344062,1
h0,105.051,941.000243350412,1
h0,106.788,942.000234356206,1
h0,108.609,943.000238362281,1
h0,111.373,944.000242371501,1
h0,115.299,945.000246384597,1
h0,120.871,946.000237403182,1
h0,127.926,947.000241426714,1
h0,136.754,948.000245456163,1
h0,147.479,949.000236491937,1
h0,159.984,950.000240533649,1
h0,173.427,951.000244578491,1
h0,187.032,952.000235623871,1
h0,200.751,953.000239669633,1
h0,214.321,954.000243714899,1
h0,226.721,955.000234756261,1
h0,237.879,956.00023879348,1
h0,247.96,957.000242827105,1
h0,256.945,958.000246857077,1
h0,265.047,959.0002378841,1
h0,272.295,960.000241908279,1
h0,278.879,961.000245930241,1
h0,284.68,962.00023694959,1
h0,289.932,963.000240967109,1
h0,294.662,964.000244982888,1
h0,298.949,965.000235997188,1
h0,302.891,966.000240010335,1
h0,306.572,967.000244022613,1
h0,311.068,968.000235037612,1
h0,317.439,969.000239058864,1
h0,323.759,970.000243079944,1
h0,329.978,971.000247100689,1
h0,337.013,972.000238124155,1
h0,345.253,973.000242151641,1
h0,355.053,974.000246184331,1
h0,366.493,975.000237222488,1
h0,379.647,976.000241266365,1
h0,394.576,977.000245316163,1
