h0,397.946,957.000243327405,1
h0,365.649,958.000247219674,1
h0,333.647,959.000238112927,1
h0,301.96,960.000242007231,1
h0,270.569,961.000245902521,1
h0,239.462,962.000236798759,1
h0,208.617,963.000240695872,1
h0,177.972,964.000244593651,1
h0,147.209,965.000235491036,1
h0,116.172,966.00023938751,1
h0,85.1741,967.00024328411,1
h0,54.2976,968.000234181117,1
h0,23.6,969.000238078721,1
h0,8.03047,970.000242026787,1
h0,38.0641,971.000246126968,1
h0,68.3943,972.000237228139,1
h0,98.7361,973.000241329348,1
h0,129.7,974.000245432633,1
h0,161.591,975.000236539009,1
h0,193.394,976.000240645092,1
h0,224.876,977.000244750106,1
h0,256.036,978.000235854044,1
h0,286.899,979.000239956993,1
h0,317.6,980.000244059398,1
h0,349.513,981.000235165849,1
