h0,378.621,953.000240262945,1
h0,340.024,954.000244134197,1
h0,302.559,955.000235009228,1
h0,266.089,956.000238887577,1
h0,230.499,957.000242768862,1
h0,195.781,958.000246653055,1
h0,161.782,959.000237539648,1
h0,128.454,960.000241428475,1
h0,95.6691,961.000245319118,1
h0,63.3581,962.00023621134,1
h0,31.5928,963.000240105382,1
h0,3.2005,964.000244010676,1
h0,31.4205,965.000235104808,1
h0,62.2682,966.000239207704,1
h0,93.0127,967.000243310257,1
h0,123.635,968.000234412403,1
h0,154.494,969.000238515338,1
h0,185.554,970.00024261894,1
h0,216.83,971.000246723267,1
h0,249.591,972.000237832545,1
h0,283.908,973.000241947016,1
h0,318.151,974.000246061239,1
h0,351.958,975.000237174007,1
