h0,403.558,944.000243346126,1
h0,366.365,945.000247222063,1
h0,328.965,946.000238097309,1
h0,291.409,947.000241972036,1
h0,253.724,948.000245846331,1
h0,216.11,949.000236720864,1
h0,179.352,950.000240598252,1
h0,143.647,951.000244479155,1
h0,108.439,952.000235361713,1
h0,73.2605,953.000239244371,1
h0,38.7702,954.000243129323,1
h0,5.77485,955.000234019263,1
h0,28.3707,956.000238094634,1
h0,60.6062,957.00024220216,1
h0,92.2865,958.000246307835,1
h0,123.735,959.000237412735,1
h0,154.863,960.000241516567,1
h0,185.693,961.000245619407,1
h0,216.288,962.000236721459,1
h0,246.631,963.000240822671,1
h0,276.82,964.000244923371,1
h0,307.455,965.000236025561,1
h0,339.107,966.000240131139,1
h0,371.088,967.000244237817,1
