h0,394.591,958.000247316213,1
h0,369.49,959.000238232485,1
h0,344.365,960.00024214868,1
h0,319.262,961.000246064945,1
h0,294.068,962.000236980906,1
h0,268.891,963.000240896925,1
h0,243.662,964.000244812768,1
h0,218.448,965.000235728664,1
h0,193.208,966.000239644474,1
h0,167.94,967.000243560186,1
h0,142.658,968.000234475856,1
h0,117.291,969.000238391241,1
h0,91.9316,970.000242306651,1
h0,66.5632,971.000246222031,1
h0,41.3334,972.000237137873,1
h0,16.65,973.000241055538,1
h0,11.9539,974.000245039874,1
h0,36.1538,975.000236120596,1
h0,61.4254,976.000240204893,1
h0,86.9061,977.000244289888,1
h0,112.931,978.000235376697,1
h0,140.142,979.000239467465,1
h0,167.594,980.000243559033,1
h0,195.242,981.000234651257,1
h0,222.985,982.000238743797,1
h0,250.789,983.000242836541,1
h0,278.407,984.000246928667,1
h0,305.51,985.000238019071,1
h0,332.057,986.000242107623,1
h0,358.193,987.000246194804,1
