h0,390.753,957.00024330341,1
h0,365.613,958.000247219554,1
h0,340.546,959.000238135938,1
h0,315.537,960.000242052518,1
h0,290.597,961.000245969327,1
h0,265.626,962.000236886032,1
h0,240.745,963.000240803039,1
h0,215.811,964.000244719869,1
h0,190.93,965.000235636875,1
h0,166.078,966.000239553977,1
h0,141.24,967.000243471125,1
h0,116.395,968.000234388252,1
h0,91.5903,969.000238305512,1
h0,67.1704,970.000242224056,1
h0,43.1743,971.000246144014,1
h0,19.9197,972.000237066445,1
h0,7.89717,973.000241026342,1
h0,28.5922,974.000245095373,1
h0,51.3139,975.000236171165,1
h0,74.0532,976.000240247015,1
h0,96.6632,977.000244322434,1
h0,119.254,978.000235397788,1
h0,142.686,979.000239475949,1
h0,167.939,980.000243560184,1
h0,194.611,981.000234649152,1
h0,221.349,982.000238738341,1
h0,247.847,983.000242826729,1
h0,274.171,984.000246914536,1
h0,300.25,985.000238001525,1
h0,326.058,986.000242087614,1
h0,351.683,987.000246173088,1
h0,377.091,988.000237257842,1
