h0,405.749,953.000240353433,1
h0,378.589,954.000244262837,1
h0,351.431,955.000235172247,1
h0,324.107,956.000239081105,1
h0,295.169,957.000242984578,1
h0,266.22,958.000246888015,1
h0,237.949,959.000237793712,1
h0,210.223,960.000241701227,1
h0,183,961.000245610421,1
h0,156.306,962.00023652138,1
h0,130.237,963.000240434425,1
h0,104.681,964.000244349178,1
h0,79.6107,965.000235265553,1
h0,55.0627,966.000239183669,1
h0,31.0878,967.000243103698,1
h0,9.09906,968.000234030351,1
h0,19.1502,969.000238063878,1
h0,44.6848,970.000242149052,1
h0,71.299,971.000246237828,1
h0,98.4154,972.000237328278,1
h0,126.911,973.00024142333,1
h0,154.627,974.000245515779,1
h0,180.511,975.000236602122,1
h0,204.504,976.000240682152,1
h0,226.902,977.000244756863,1
h0,247.911,978.000235826943,1
h0,267.842,979.000239893426,1
h0,286.847,980.000243956819,1
h0,305.088,981.000235017665,1
h0,322.807,982.000239076768,1
h0,340.106,983.000243134472,1
h0,357.056,984.00024719101,1
h0,373.765,985.000238246746,1
