h0,113.037,911.000240377051,1
h0,126.219,912.000244421021,1
h0,136.312,913.000235454687,1
h0,143.441,914.000239478469,1
h0,147.57,915.00024349224,1
h0,148.643,916.000234495818,1
h0,146.83,917.000238489774,1
h0,142.333,918.000242474773,1
h0,135.331,919.000246451417,1
h0,127.32,920.000237424695,1
h0,119.05,921.00024139711,1
h0,110.59,922.00024536889,1
h0,101.943,923.000236340045,1
h0,93.6893,924.000240312514,1
h0,86.7674,925.000244289425,1
h0,81.0252,926.000235270271,1
h0,76.3584,927.000239254704,1
h0,72.6083,928.000243242195,1
h0,69.6697,929.000234232393,1
h0,67.372,930.000238224729,1
h0,65.5992,931.000242218815,1
h0,64.2495,932.000246214313,1
h0,63.2744,933.000237211061,1
h0,62.5196,934.000241208543,1
h0,61.9634,935.000245206688,1
h0,61.5527,936.000236205318,1
h0,61.2303,937.000240204242,1
h0,61.0195,938.000244203539,1
h0,60.8716,939.000235203046,1
h0,60.7738,940.00023920272,1
h0,60.695,941.000243202457,1
h0,60.5995,942.000234202138,1
h0,60.5675,943.000238202031,1
h0,60.5584,944.000242202001,1
h0,60.547,945.000246201963,1
h0,60.5448,946.000237201956,1
h0,60.5369,947.000241201929,1
h0,60.5546,948.000245201988,1
h0,60.5413,949.000236201944,1
h0,60.5083,950.000240201834,1
h0,60.5021,951.000244201813,1
h0,60.4625,952.000235201681,1
h0,60.4662,953.000239201693,1
h0,60.4508,954.000243201642,1
h0,60.4457,955.000234201625,1
h0,60.4312,956.000238201577,1
h0,60.354,957.000242201319,1
h0,60.3323,958.000246201247,1
h0,60.3606,959.000237201341,1
h0,60.3718,960.000241201379,1
h0,60.3816,961.000245201411,1
h0,60.3615,962.000236201344,1
h0,60.3814,963.000240201411,1
h0,60.4245,964.000244201554,1
h0,60.5102,965.00023520184,1
h0,60.5024,966.000239201814,1
h0,60.4886,967.000243201768,1
h0,60.4813,968.000234201744,1
h0,60.502,969.000238201813,1
h0,61.068,970.000242203701,1
h0,62.5188,971.00024620854,1
h0,63.7113,972.000237212518,1
h0,64.375,973.000241214732,1
h0,64.7503,974.000245215984,1
h0,65.7686,975.000236219381,1
h0,66.751,976.000240222657,1
h0,67.5584,977.000244225351,1
h0,67.7137,978.000235225869,1
h0,67.3959,979.000239224808,1
h0,66.6962,980.000243222474,1
h0,66.6217,981.000234222226,1
h0,67.3184,982.00023822455,1
h0,67.6878,983.000242225782,1
h0,67.5035,984.000246225167,1
h0,66.8684,985.000237223049,1
h0,65.973,986.000241220062,1
h0,64.9237,987.000245216562,1
h0,63.8337,988.000236212926,1
h0,62.7215,989.000240209216,1
h0,61.716,990.000244205863,1
h0,60.7805,991.000235202742,1
h0,59.9462,992.000239199959,1
h0,59.2523,993.000243197644,1
h0,58.6612,994.000234195673,1
h0,58.1551,995.000238193985,1
h0,58.4855,996.000242195087,1
h0,60.3409,997.000246201275,1
h0,62.1573,998.000237207334,1
h0,62.8653,999.000241209696,1
h0,62.9098,1000.000245209844,1
h0,62.5346,1001.000236208593,1
h0,61.8749,1002.000240206392,1
h0,61.1196,1003.000244203873,1
h0,60.3887,1004.000235201435,1
h0,59.6695,1005.000239199036,1
h0,59.0524,1006.000243196978,1
h0,58.4911,1007.000234195105,1
h0,58.6955,1008.000238195787,1
h0,60.428,1009.000242201566,1
h0,62.5137,1010.000246208523,1
h0,63.8987,1011.000237213143,1
h0,63.8837,1012.000241213093,1
h0,63.9415,1013.000245213286,1
h0,64.5626,1014.000236215358,1
h0,65.6587,1015.000240219014,1
h0,67.142,1016.000244223962,1
h0,68.6535,1017.000235229003,1
h0,68.8056,1018.000239229511,1
h0,68.7921,1019.000243229466,1
h0,69.4908,1020.000234231796,1
h0,70.747,1021.000238235987,1
h0,70.6584,1022.000242235691,1
h0,69.5155,1023.000246231879,1
h0,69.5759,1024.00023723208,1
h0,70.698,1025.000241235823,1
h0,72.4402,1026.000245241634,1
h0,72.968,1027.000236243395,1
h0,72.8348,1028.000240242951,1
h0,73.8927,1029.00024424648,1
h0,75.237,1030.000235250964,1
h0,74.9689,1031.000239250069,1
h0,73.8158,1032.000243246223,1
h0,71.9599,1033.000234240033,1
h0,69.6961,1034.000238232481,1
h0,67.0734,1035.000242223733,1
h0,64.3034,1036.000246214493,1
h0,61.4536,1037.000237204987,1
h0,58.5604,1038.000241195336,1
h0,55.6746,1039.00024518571,1
h0,52.8502,1040.000236176289,1
h0,49.2973,1041.000240164438,1
h0,43.6805,1042.000244145702,1
h0,37.4507,1043.000235124922,1
h0,32.0658,1044.00023910696,1
h0,27.3943,1045.000243091378,1
h0,23.2561,1046.000234077574,1
h0,19.5284,1047.00023806514,1
h0,16.1862,1048.000242053991,1
h0,13.082,1049.000246043637,1
h0,10.2626,1050.000237034232,1
h0,7.46093,1051.000241024887,1
h0,4.16347,1052.000245013888,1
h0,4.20352,1053.000236014021,1
h0,9.95069,1054.000240033192,1
h0,17.0542,1055.000244056887,1
h0,24.7185,1056.000235082452,1
h0,32.8687,1057.000239109638,1
h0,41.358,1058.000243137955,1
h0,50.0676,1059.000234167008,1
h0,58.9962,1060.00023819679,1
h0,68.0524,1061.000242226998,1
h0,77.2171,1062.000246257569,1
h0,86.5028,1063.000237288542,1
h0,95.8025,1064.000241319563,1
h0,105.064,1065.000245350455,1
h0,114.444,1066.000236381742,1
h0,123.876,1067.000240413206,1
h0,132.714,1068.000244442686,1
h0,140.092,1069.000235467296,1
h0,147.435,1070.000239491789,1
h0,154.296,1071.000243514676,1
h0,158.789,1072.000234529664,1
h0,161.179,1073.000238537634,1
h0,162.88,1074.000242543308,1
h0,163.12,1075.00024654411,1
h0,162.024,1076.000237540455,1
h0,159.857,1077.000241533227,1
h0,156.659,1078.000245522557,1
h0,152.655,1079.000236509203,1
h0,147.914,1080.000240493386,1
h0,142.577,1081.000244475585,1
h0,136.748,1082.000235456144,1
h0,130.875,1083.000239436553,1
h0,125.287,1084.000243417911,1
h0,118.211,1085.000234394311,1
h0,110.768,1086.000238369482,1
h0,104.25,1087.00024234774,1
h0,98.5779,1088.00024632882,1
h0,93.4982,1089.000237311877,1
h0,89.0524,1090.000241297047,1
h0,85.0132,1091.000245283574,1
h0,81.2744,1092.000236271102,1
h0,77.817,1093.00024025957,1
h0,74.531,1094.000244248609,1
h0,71.3703,1095.000235238066,1
h0,68.3126,1096.000239227866,1
h0,65.3736,1097.000243218063,1
h0,62.4677,1098.00023420837,1
h0,59.6136,1099.000238198849,1
h0,56.7598,1100.00024218933,1
h0,54.286,1101.000246181079,1
h0,52.4064,1102.000237174809,1
h0,50.9886,1103.00024117008,1
h0,49.9951,1104.000245166766,1
h0,49.2966,1105.000236164436,1
h0,48.8457,1106.000240162932,1
h0,49.1942,1107.000244164094,1
h0,50.5523,1108.000235168624,1
h0,52.6763,1109.000239175709,1
h0,56.3721,1110.000243188037,1
h0,62.046,1111.000234206963,1
