h0,394.829,979.000240317009,1
h0,365.104,980.000244217854,1
h0,336.789,981.000235123408,1
h0,309.79,982.000239033348,1
h0,283.837,983.000242946778,1
h0,258.839,984.000246863394,1
h0,234.578,985.000237782468,1
h0,210.96,986.000241703688,1
h0,187.869,987.000245626663,1
h0,165.23,988.000236551149,1
h0,142.916,989.000240476715,1
h0,120.935,990.000244403397,1
h0,99.1646,991.000235330777,1
h0,77.5923,992.00023925882,1
h0,56.1738,993.000243187376,1
h0,34.9271,994.000234116504,1
h0,13.9139,995.000238046412,1
h0,8.26209,996.000242027559,1
h0,28.8755,997.000246096318,1
h0,49.8554,998.0002371663,1
h0,70.8414,999.000241236301,1
h0,91.8078,1000.000245306238,1
h0,112.743,1001.000236376069,1
h0,133.733,1002.000240446086,1
h0,154.653,1003.000244515867,1
h0,175.616,1004.000235585791,1
h0,196.578,1005.000239655713,1
h0,217.503,1006.000243725511,1
h0,238.399,1007.000234795213,1
h0,259.295,1008.000238864916,1
h0,280.192,1009.000242934618,1
h0,301.121,1010.000247004431,1
h0,321.99,1011.000238074042,1
h0,342.966,1012.000242144011,1
h0,364.083,1013.000246214451,1
