h0,395.991,949.000237320885,1
h0,365.48,950.000241219111,1
h0,335.135,951.000245117892,1
h0,304.91,952.000236017069,1
h0,274.805,953.00023991665,1
h0,244.798,954.000243816557,1
h0,214.912,955.000234716869,1
h0,185.144,956.000238617573,1
h0,155.457,957.00024251855,1
h0,125.78,958.000246419557,1
h0,95.8215,959.000237319626,1
h0,65.6195,960.000241218883,1
h0,35.5003,961.000245118416,1
h0,7.80659,962.00023602604,1
h0,26.8092,963.000240089426,1
h0,56.8567,964.000244189654,1
h0,86.3131,965.000235287909,1
h0,113.052,966.0002393771,1
h0,139.892,967.000243466629,1
h0,168.7,968.000234562721,1
h0,198.771,969.000238663028,1
h0,228.892,970.000242763502,1
h0,258.892,971.000246863572,1
h0,288.838,972.000237963459,1
h0,318.721,973.000242063139,1
h0,348.506,974.000246162492,1
h0,378.249,975.000237261703,1
