h0,396.178,958.000238321508,1
h0,358.782,959.000242196769,1
h0,321.387,960.000246072031,1
h0,284.001,961.000236947325,1
h0,246.603,962.00024082258,1
h0,209.204,963.000244697828,1
h0,171.895,964.000235573381,1
h0,134.528,965.000239448736,1
h0,97.1586,966.000243324086,1
h0,60.5867,967.000234202095,1
h0,26.0249,968.00023808681,1
h0,10.3442,969.000242034504,1
h0,40.4615,970.000246134965,1
h0,70.6758,971.000237235749,1
h0,99.7195,972.000241332629,1
h0,127.606,973.000245425647,1
h0,154.423,974.000236515098,1
h0,180.26,975.000240601282,1
h0,205.275,976.000244684724,1
h0,229.487,977.000235765487,1
h0,253.018,978.000239843976,1
h0,275.984,979.000243920583,1
h0,298.43,980.000234995455,1
h0,320.463,981.00023906895,1
h0,342.107,982.000243141147,1
h0,364.246,983.000247214995,1
