h0,385.277,953.000240285147,1
h0,352.752,954.000244176653,1
h0,320.636,955.000235069525,1
h0,288.892,956.00023896364,1
h0,257.499,957.000242858923,1
h0,226.434,958.000246755303,1
h0,195.735,959.000237652901,1
h0,165.208,960.000241551073,1
h0,134.862,961.00024544985,1
h0,104.741,962.000236349379,1
h0,74.7348,963.000240249288,1
h0,44.3917,964.000244148075,1
h0,13.5955,965.00023504535,1
h0,18.2167,966.000239060764,1
h0,50.0251,967.000243166866,1
h0,83.1446,968.000234277341,1
h0,116.528,969.000238388695,1
h0,149.74,970.000242499479,1
h0,182.733,971.000246609532,1
h0,215.325,972.000237718246,1
h0,248.001,973.000241827242,1
h0,282.404,974.000245941999,1
h0,317.826,975.000237060154,1
h0,352.4,976.000241175481,1
