h0,388.575,948.000246296146,1
h0,359.889,949.00023720046,1
h0,331.494,950.000241105746,1
h0,303.405,951.000245012052,1
h0,275.504,952.000235918982,1
h0,247.792,953.000239826546,1
h0,220.307,954.000243734865,1
h0,192.909,955.000234643474,1
h0,165.694,956.000238552696,1
h0,138.596,957.000242462308,1
h0,111.654,958.000246372438,1
h0,84.7708,959.000237282765,1
h0,58.0386,960.000241193596,1
h0,31.5219,961.000245105146,1
h0,7.63151,962.000236025456,1
h0,23.3457,963.000240077873,1
h0,49.4911,964.000244165085,1
h0,76.9705,965.000235256746,1
h0,106.045,966.000239353728,1
h0,134.983,967.000243450254,1
h0,163.232,968.000234544484,1
h0,190.8,969.000238636441,1
h0,217.795,970.000242726486,1
h0,244.272,971.000246814802,1
h0,270.2,972.00023790129,1
h0,295.731,973.000241986454,1
h0,320.739,974.00024606987,1
h0,345.5,975.000237152466,1
h0,369.957,976.000241234044,1
