h0,408.58,937.000241362876,1
h0,366.186,938.000245221464,1
h0,324.44,939.000236082216,1
h0,283.308,940.000239945013,1
h0,242.643,941.000243809369,1
h0,202.45,942.0002346753,1
h0,162.628,943.000238542469,1
h0,123.087,944.000242410575,1
h0,83.8737,945.000246279773,1
h0,44.9603,946.000237149971,1
h0,6.85903,947.000241022879,1
h0,32.7243,948.000245109157,1
h0,71.1103,949.000236237199,1
h0,109.472,950.000240365158,1
h0,147.715,951.000244492725,1
h0,185.922,952.000235620168,1
h0,224.045,953.000239747334,1
h0,262.049,954.000243874102,1
h0,300.036,955.000235000812,1
h0,337.988,956.000239127406,1
h0,375.499,957.000243252529,1
