h0,404.612,958.000247349639,1
h0,387.905,959.000238293911,1
h0,371.695,960.000242239841,1
h0,356.009,961.000246187519,1
h0,340.834,962.000237136901,1
h0,326.175,963.000241088004,1
h0,311.95,964.000245040553,1
h0,298.112,965.000235994395,1
h0,284.591,966.000239949293,1
h0,271.343,967.000243905102,1
h0,258.369,968.000234861826,1
h0,245.624,969.000238819312,1
h0,232.998,970.000242777196,1
h0,220.558,971.000246735704,1
h0,208.146,972.000237694301,1
h0,195.82,973.000241653186,1
h0,183.529,974.000245612188,1
h0,171.303,975.000236571407,1
h0,159.107,976.000240530725,1
h0,146.947,977.000244490164,1
h0,134.844,978.00023544979,1
h0,122.723,979.00023940936,1
h0,110.615,980.000243368971,1
h0,98.5234,981.000234328639,1
h0,86.436,982.000238288319,1
h0,74.3558,983.000242248024,1
h0,62.2944,984.000246207792,1
h0,50.2239,985.000237167529,1
h0,38.1353,986.000241127206,1
h0,26.0984,987.000245087055,1
h0,14.1564,988.000236047221,1
h0,3.63792,989.000240012135,1
h0,10.8329,990.000244036135,1
h0,22.7042,991.000235075733,1
h0,34.7531,992.000239115924,1
h0,46.8572,993.000243156299,1
h0,58.9359,994.000234196589,1
h0,70.9966,995.000238236819,1
h0,83.1016,996.000242277197,1
h0,95.2299,997.000246317653,1
h0,107.333,998.000237358025,1
h0,119.45,999.000241398442,1
h0,131.507,1000.000245438661,1
h0,143.614,1001.000236479044,1
h0,155.73,1002.000240519459,1
h0,167.829,1003.000244559818,1
h0,179.926,1004.000235600167,1
h0,191.993,1005.000239640419,1
h0,204.078,1006.00024368073,1
h0,216.147,1007.000234720988,1
h0,228.254,1008.000238761375,1
h0,240.374,1009.000242801801,1
h0,252.483,1010.000246842192,1
h0,264.578,1011.000237882537,1
h0,276.653,1012.000241922815,1
h0,288.757,1013.000245963189,1
h0,300.904,1014.000237003707,1
h0,313.03,1015.000241044154,1
h0,325.174,1016.000245084665,1
h0,337.309,1017.00023612514,1
h0,349.455,1018.000240165658,1
h0,361.608,1019.000244206193,1
h0,373.751,1020.000235246698,1
