h0,406.64,948.000246356405,1
h0,374.037,949.000237247653,1
h0,342.999,950.000241144122,1
h0,313.864,951.000245046938,1
h0,286.883,952.000235956938,1
h0,261.709,953.000239872969,1
h0,237.972,954.000243793789,1
h0,215.531,955.000234718936,1
h0,194.024,956.000238647193,1
h0,173.306,957.000242578086,1
h0,153.207,958.000246511045,1
h0,133.566,959.000237445527,1
h0,114.274,960.000241381177,1
h0,95.283,961.00024531783,1
h0,76.4689,962.000236255073,1
h0,57.8463,963.000240192955,1
h0,39.3602,964.000244131292,1
h0,21.2397,965.000235070848,1
h0,6.63489,966.000239022132,1
h0,17.9104,967.000243059743,1
h0,35.7427,968.000234119225,1
h0,54.0146,969.000238180173,1
h0,72.3553,970.000242241351,1
h0,90.7001,971.000246302543,1
h0,109.012,972.000237363627,1
h0,127.368,973.000241424854,1
h0,145.733,974.000245486112,1
h0,164.05,975.000236547212,1
h0,182.425,976.000240608505,1
h0,200.682,977.000244669403,1
h0,218.085,978.000235727453,1
h0,234.466,979.000239782093,1
h0,249.993,980.000243833887,1
h0,264.814,981.000234883323,1
h0,279.063,982.000238930854,1
h0,292.842,983.000242976815,1
h0,306.332,984.000247021815,1
h0,322.094,985.000238074391,1
h0,341.333,986.000242138565,1
h0,364.222,987.000246214915,1
