h0,375.276,949.000236251785,1
h0,331.091,950.000240104402,1
h0,287.019,951.000243957392,1
h0,243.272,952.000234811468,1
h0,201.167,953.000238671019,1
h0,161.478,954.000242538633,1
h0,123.947,955.000246413442,1
h0,88.4181,956.000237294931,1
h0,54.7128,957.000241182502,1
h0,22.6729,958.000245075629,1
h0,11.5302,959.000236038461,1
h0,40.4306,960.000240134862,1
h0,69.6278,961.000244232253,1
h0,98.3074,962.000235327918,1
h0,126.426,963.000239421711,1
h0,153.985,964.000243513637,1
h0,181.2,965.00023460442,1
h0,208.088,966.000238694106,1
h0,234.728,967.00024278297,1
h0,261.025,968.000246870686,1
h0,287.247,969.000237958152,1
h0,313.72,970.000242046456,1
h0,342.512,971.000246142498,1
h0,374.874,972.000237250445,1
