h0,195.033,914.000239650559,1
h0,218.968,915.000243730398,1
h0,239.227,916.000234797976,1
h0,255.914,917.000238853636,1
h0,269.042,918.000242897428,1
h0,278.723,919.000246929721,1
h0,285.094,920.000237950973,1
h0,288.432,921.000241962104,1
h0,291.468,922.000245972232,1
h0,294.773,923.000236983257,1
h0,298.199,924.000240994684,1
h0,301.236,925.000245004815,1
h0,301.88,926.000236006965,1
h0,299.917,927.000240000417,1
h0,296.848,928.000243990177,1
h0,295.498,929.000234985675,1
h0,295.273,930.000238984926,1
h0,294.146,931.000242981164,1
h0,292.072,932.000246974247,1
h0,289.308,933.000237965027,1
h0,285.843,934.000241953471,1
h0,280.601,935.000245935985,1
h0,273.365,936.000236911846,1
h0,265.607,937.00024088597,1
h0,258.102,938.000244860936,1
h0,250.66,939.000235836113,1
h0,243.41,940.000239811929,1
h0,236.028,941.000243787304,1
h0,227.125,942.000234757606,1
h0,216.431,943.000238721935,1
h0,203.912,944.000242680176,1
h0,189.383,945.000246631714,1
h0,174.386,946.000237581687,1
h0,161.099,947.000241537369,1
h0,149.434,948.000245498458,1
h0,139.242,949.000236464462,1
h0,130.488,950.000240435261,1
h0,123.043,951.000244410429,1
h0,116.739,952.000235389398,1
h0,111.454,953.000239371769,1
h0,106.723,954.000243355988,1
h0,100.94,955.000234336699,1
h0,95.4216,956.000238318292,1
h0,90.8351,957.000242302993,1
h0,87.0809,958.000246290471,1
h0,83.9921,959.000237280167,1
h0,81.4762,960.000241271775,1
h0,79.3478,961.000245264676,1
h0,77.5258,962.000236258598,1
h0,75.9763,963.00024025343,1
h0,74.5768,964.000244248761,1
h0,73.3027,965.000235244511,1
h0,72.0939,966.000239240479,1
h0,70.891,967.000243236467,1
h0,69.6636,968.000234232373,1
h0,68.3791,969.000238228088,1
h0,67.067,970.000242223711,1
h0,65.7162,971.000246219206,1
h0,64.273,972.000237214392,1
h0,62.764,973.000241209358,1
h0,61.2003,974.000245204142,1
h0,59.5768,975.000236198727,1
h0,57.8929,976.00024019311,1
h0,56.1703,977.000244187364,1
h0,54.4053,978.000235181477,1
h0,52.5631,979.000239175332,1
h0,50.7214,980.000243169188,1
h0,48.8687,981.000234163008,1
h0,46.9558,982.000238156628,1
h0,45.0539,983.000242150284,1
h0,43.0318,984.000246143539,1
h0,40.8341,985.000237136208,1
h0,38.388,986.000241128049,1
h0,35.5796,987.000245118681,1
h0,32.3905,988.000236108043,1
h0,28.8107,989.000240096102,1
h0,24.8597,990.000244082923,1
h0,20.5031,991.000235068391,1
h0,15.7849,992.000239052653,1
h0,10.8054,993.000243036043,1
h0,5.82008,994.000234019414,1
h0,3.33378,995.00023801112,1
h0,7.70097,996.000242025688,1
h0,13.7122,997.000246045739,1
h0,20.1703,998.000237067281,1
h0,26.9062,999.000241089749,1
h0,33.8494,1000.000245112909,1
h0,41.0156,1001.000236136813,1
h0,48.5213,1002.00024016185,1
h0,56.6086,1003.000244188826,1
h0,65.3997,1004.00023521815,1
h0,74.7671,1005.000239249396,1
h0,84.5589,1006.000243282058,1
h0,94.7328,1007.000234315995,1
h0,105.348,1008.000238351403,1
h0,116.252,1009.000242387774,1
h0,127.442,1010.0002464251,1
h0,138.974,1011.000237463568,1
h0,150.737,1012.000241502804,1
h0,162.688,1013.000245542667,1
h0,174.888,1014.000236583362,1
h0,187.288,1015.000240624724,1
h0,199.757,1016.000244666318,1
h0,212.056,1017.000235707341,1
h0,224.132,1018.000239747623,1
h0,236.315,1019.000243788263,1
h0,248.459,1020.000234828771,1
h0,260.588,1021.000238869227,1
h0,272.813,1022.000242910005,1
h0,285.072,1023.000246950899,1
h0,297.451,1024.00023799219,1
h0,309.934,1025.000242033829,1
h0,322.484,1026.000246075692,1
h0,335.202,1027.000237118113,1
h0,348.005,1028.000241160819,1
h0,360.958,1029.000245204025,1
h0,374.188,1030.000236248158,1
h0,388.028,1031.000240294322,1
