h0,406.762,977.000245356812,1
h0,392.831,978.000236310342,1
h0,378.747,979.000240263365,1
h0,364.675,980.000244216426,1
h0,350.634,981.000235169591,1
h0,336.635,982.000239122894,1
h0,322.6,983.000243076078,1
h0,308.576,984.000247029298,1
h0,294.596,985.000237982666,1
h0,280.614,986.000241936029,1
h0,266.59,987.000245889248,1
h0,252.621,988.000236842654,1
h0,238.61,989.000240795916,1
h0,224.606,990.000244749206,1
h0,210.591,991.000235702455,1
h0,196.601,992.000239655791,1
h0,182.616,993.000243609142,1
h0,168.663,994.000234562601,1
h0,154.675,995.000238515942,1
h0,140.729,996.000242469422,1
h0,126.752,997.000246422801,1
h0,112.813,998.000237376304,1
h0,98.8972,999.000241329885,1
h0,85.0008,1000.000245283532,1
h0,71.0854,1001.000236237115,1
h0,57.2235,1002.000240190877,1
h0,43.4922,1003.000244145074,1
h0,30.0097,1004.000235100102,1
h0,17.3445,1005.000239057855,1
h0,9.61029,1006.000243032056,1
h0,17.4828,1007.000234058316,1
h0,33.0794,1008.000238110341,1
h0,49.7324,1009.00024216589,1
h0,65.7799,1010.000246219418,1
h0,81.2298,1011.000237270953,1
h0,96.2567,1012.000241321078,1
h0,112.149,1013.000245374089,1
h0,129.84,1014.000236433099,1
h0,147.103,1015.000240490684,1
h0,163.451,1016.000244545214,1
h0,179.13,1017.000235597513,1
h0,194.281,1018.000239648051,1
h0,209.064,1019.000243697362,1
h0,223.647,1020.000234746005,1
h0,237.987,1021.000238793839,1
h0,252.207,1022.000242841271,1
h0,266.306,1023.000246888301,1
h0,280.419,1024.000237935379,1
h0,294.484,1025.000241982293,1
h0,308.515,1026.000246029095,1
h0,322.529,1027.000237075842,1
h0,336.546,1028.000241122597,1
h0,350.559,1029.000245169339,1
h0,364.551,1030.000236216011,1
