h0,400.671,967.000244336493,1
h0,376.574,968.000235256115,1
h0,353.061,969.000239177685,1
h0,330.549,970.000243102594,1
h0,309.001,971.000247030717,1
h0,288.307,972.000237961687,1
h0,268.487,973.000241895576,1
h0,249.175,974.000245831159,1
h0,229.87,975.000236766764,1
h0,210.791,976.000240703122,1
h0,192.194,977.000244641089,1
h0,174.027,978.000235580492,1
h0,156.328,979.000239521453,1
h0,139.014,980.000243463699,1
h0,122.125,981.000234407366,1
h0,105.579,982.000238352175,1
h0,89.3099,983.000242297906,1
h0,73.333,984.000246244613,1
h0,57.6711,985.00023719237,1
h0,42.19,986.000241140731,1
h0,27.0434,987.000245090207,1
h0,12.6975,988.000236042354,1
h0,7.66394,989.000240025564,1
h0,20.3886,990.000244068009,1
h0,34.9775,991.000235116672,1
h0,49.8539,992.000239166295,1
h0,64.7281,993.00024321591,1
h0,79.5675,994.000234265408,1
h0,94.4793,995.000238315149,1
h0,109.384,996.000242364867,1
h0,124.238,997.000246414415,1
h0,139.089,998.000237463951,1
h0,153.966,999.000241513577,1
h0,168.829,1000.000245563152,1
h0,183.679,1001.000236612686,1
h0,198.533,1002.000240662234,1
h0,213.373,1003.000244711737,1
h0,228.222,1004.000235761265,1
h0,243.049,1005.000239810724,1
h0,257.877,1006.000243860185,1
h0,272.744,1007.000234909776,1
h0,287.574,1008.000238959243,1
h0,302.446,1009.00024300885,1
h0,317.337,1010.000247058523,1
h0,332.191,1011.00023810807,1
h0,347.069,1012.000242157696,1
h0,361.908,1013.000246207195,1
h0,376.682,1014.000237256476,1
