h0,404.633,962.00023734971,1
h0,370.273,963.000241235097,1
h0,336.163,964.000245121318,1
h0,302.3,965.000236008363,1
h0,268.7,966.000239896287,1
h0,235.328,967.00024378497,1
h0,202.196,968.000234674454,1
h0,169.291,969.000238564694,1
h0,137.088,970.000242457277,1
h0,105.669,971.000246352474,1
h0,74.9065,972.000237249861,1
h0,44.8197,973.000241149502,1
h0,15.3782,974.000245051296,1
h0,14.4571,975.000236048224,1
h0,42.9522,976.000240143273,1
h0,71.3008,977.000244237834,1
h0,99.3128,978.000235331272,1
h0,127.203,979.000239424303,1
h0,155.708,980.000243519386,1
h0,185.319,981.000234618158,1
h0,216.129,982.00023872093,1
h0,248.28,983.000242828172,1
h0,281.918,984.000246940376,1
h0,316.117,985.000238054454,1
h0,350.558,986.000242169336,1
