h0,414.482,949.000237382562,1
h0,376.611,950.000241256238,1
h0,338.576,951.000245129366,1
h0,300.626,952.00023600278,1
h0,262.996,953.000239877261,1
h0,225.741,954.00024375299,1
h0,188.852,955.000234629942,1
h0,152.261,956.000238507888,1
h0,116.079,957.000242387198,1
h0,80.0891,958.000246267149,1
h0,44.3184,959.00023714783,1
h0,10.7052,960.000241035709,1
h0,27.1874,961.000245090687,1
h0,60.8182,962.000236202868,1
h0,93.8322,963.000240312991,1
h0,126.12,964.000244420691,1
h0,157.691,965.000235526002,1
h0,188.488,966.000239628728,1
h0,220.62,967.00024373591,1
h0,253.893,968.000234846896,1
h0,286.778,969.000238956587,1
h0,320.221,970.000243068142,1
h0,356.05,971.000247187656,1
