h0,414.983,956.000239384234,1
h0,386.922,957.000243290632,1
h0,358.583,958.000247196104,1
h0,330.074,959.000238101009,1
h0,301.056,960.000242004213,1
h0,270.844,961.000245903438,1
h0,239.403,962.000236798562,1
h0,207.376,963.000240691731,1
h0,173.822,964.000244579807,1
h0,138.851,965.000235463156,1
h0,103.817,966.000239346296,1
h0,68.8821,967.000243229766,1
h0,34.1546,968.000234113928,1
h0,3.27204,969.000238010914,1
h0,35.3719,970.000242117988,1
h0,69.934,971.000246233275,1
h0,105.628,972.000237352337,1
h0,141.683,973.000241472604,1
h0,177.709,974.000245592775,1
h0,214.023,975.000236713903,1
h0,250.583,976.000240835854,1
h0,286.3,977.000244954994,1
h0,320.849,978.000236070237,1
h0,354.457,979.00024018234,1
