h0,406.186,954.00024435489,1
h0,379.782,955.000235266818,1
h0,353.757,956.000239180006,1
h0,328.194,957.000243094738,1
h0,303.059,958.000247010895,1
h0,278.171,959.00023792788,1
h0,253.592,960.000241845892,1
h0,229.3,961.000245764862,1
h0,205.184,962.000236684421,1
h0,180.69,963.000240602718,1
h0,155.551,964.000244518863,1
h0,130.485,965.000235435252,1
h0,105.676,966.000239352499,1
h0,81.0954,967.000243270505,1
h0,56.7836,968.00023418941,1
h0,32.9053,969.00023810976,1
h0,10.5166,970.00024203508,1
h0,16.6732,971.000246055616,1
h0,39.4706,972.00023713166,1
h0,62.6682,973.000241209039,1
h0,86.1587,974.000245287394,1
h0,111.987,975.000236373548,1
h0,139.911,976.000240466694,1
h0,167.597,977.000244559042,1
h0,194.78,978.000235649716,1
h0,221.474,979.000239738759,1
h0,247.787,980.000243826527,1
h0,273.774,981.000234913211,1
h0,299.408,982.000238998717,1
h0,324.58,983.000243082683,1
h0,349.325,984.000247165222,1
h0,373.301,985.000238245199,1
