h0,371.636,940.000240239644,1
h0,316.929,941.000244057163,1
h0,262.559,942.000234875802,1
h0,208.74,943.000238696283,1
h0,156.978,944.000242523621,1
h0,107.314,945.000246357961,1
h0,59.5884,946.000237198766,1
h0,13.7484,947.00024104586,1
h0,32.2855,948.000245107693,1
h0,76.9822,949.000236256785,1
h0,120.649,950.000240402443,1
h0,163.378,951.000244544971,1
h0,205.298,952.000235684801,1
h0,246.477,953.00023982216,1
h0,286.973,954.000243957239,1
h0,326.915,955.000235090472,1
h0,366.329,956.000239221941,1
