h0,409.234,975.000237365056,1
h0,392.396,976.000241308891,1
h0,375.513,977.000245252576,1
h0,358.671,978.000236196398,1
h0,341.813,979.000240140165,1
h0,324.966,980.00024408397,1
h0,308.13,981.000235027812,1
h0,291.348,982.000238971831,1
h0,274.554,983.000242915814,1
h0,257.76,984.000246859795,1
h0,240.995,985.000237803871,1
h0,224.215,986.0002417479,1
h0,207.409,987.000245691843,1
h0,190.638,988.000236635898,1
h0,173.91,989.0002405801,1
h0,157.107,990.000244524052,1
h0,140.318,991.00023546805,1
h0,123.604,992.0002394123,1
h0,106.892,993.000243356554,1
h0,90.2269,994.000234300965,1
h0,73.5688,995.000238245399,1
h0,56.9608,996.000242190001,1
h0,40.5388,997.000246135223,1
h0,24.5948,998.000237082039,1
h0,11.2432,999.000241037503,1
h0,14.5559,1000.000245048553,1
h0,29.3125,1001.000236097776,1
h0,45.5198,1002.000240151838,1
h0,61.9575,1003.000244206668,1
h0,78.6033,1004.000235262192,1
h0,95.234,1005.000239317666,1
h0,111.924,1006.000243373339,1
h0,128.668,1007.000234429191,1
h0,145.413,1008.000238485046,1
h0,162.153,1009.000242540883,1
h0,178.931,1010.00024659685,1
h0,195.672,1011.000237652691,1
h0,212.443,1012.000241708635,1
h0,229.218,1013.000245764588,1
h0,245.983,1014.00023682051,1
h0,262.783,1015.000240876551,1
h0,279.506,1016.000244932332,1
h0,296.247,1017.000235988175,1
h0,312.98,1018.000240043989,1
h0,329.723,1019.000244099838,1
h0,346.515,1020.000235155849,1
h0,363.336,1021.000239211957,1
