h0,405.43,943.000239352371,1
h0,374.161,944.000243248068,1
h0,342.954,945.000247143972,1
h0,311.875,946.000238040302,1
h0,280.816,947.000241936702,1
h0,249.688,948.000245832871,1
h0,218.557,949.000236729027,1
h0,188.404,950.00024062845,1
h0,159.007,951.00024453039,1
h0,129.568,952.000235432192,1
h0,98.5812,953.000239328832,1
h0,66.0045,954.000243220167,1
h0,32.5349,955.000234108525,1
h0,6.64415,956.000238022163,1
h0,35.9455,957.000242119901,1
h0,69.2019,958.000246230833,1
h0,102.59,959.000237342204,1
h0,136.029,960.000241453743,1
h0,169.443,961.000245565202,1
h0,202.744,962.000236676281,1
h0,236.183,963.000240787823,1
h0,269.566,964.000244899174,1
h0,302.994,965.000236010679,1
h0,336.419,966.000240122173,1
h0,369.844,967.000244233668,1
