h0,390.768,957.000243303461,1
h0,363.844,958.000247213652,1
h0,337.345,959.000238125262,1
h0,311.147,960.000242037875,1
h0,285.263,961.000245951535,1
h0,259.603,962.000236865941,1
h0,234.101,963.000240780875,1
h0,208.791,964.00024469645,1
h0,183.546,965.000235612243,1
h0,158.016,966.000239527086,1
h0,131.093,967.000243437278,1
h0,102.826,968.000234342989,1
h0,74.7929,969.000238249482,1
h0,47.351,970.000242157946,1
h0,20.6745,971.000246068963,1
h0,9.63637,972.000237032143,1
h0,34.3971,973.000241114736,1
h0,60.4814,974.000245201744,1
h0,86.5525,975.000236288708,1
h0,112.473,976.000240375169,1
h0,138.202,977.000244460991,1
h0,163.819,978.000235546441,1
h0,189.361,979.000239631642,1
h0,214.83,980.000243716595,1
h0,240.252,981.000234801393,1
h0,265.638,982.000238886074,1
h0,291.044,983.000242970819,1
h0,316.306,984.000247055083,1
h0,341.69,985.000238139755,1
h0,367.116,986.000242224569,1
