h0,413.569,945.000247379518,1
h0,388.4,946.000238295563,1
h0,361.29,947.000242205132,1
h0,332.149,948.000246107929,1
h0,300.753,949.000237003203,1
h0,268.545,950.00024089577,1
h0,236.557,951.000244789068,1
h0,205.233,952.000235684582,1
h0,174.49,953.000239582036,1
h0,144.364,954.000243481545,1
h0,114.818,955.000234382993,1
h0,85.8382,956.000238286325,1
h0,57.335,957.000242191249,1
h0,29.4175,958.000246098126,1
h0,3.58706,959.000237011965,1
h0,26.7443,960.000241089209,1
h0,53.3571,961.00024517798,1
h0,79.0462,962.00023626367,1
h0,105.967,963.000240353467,1
h0,134.638,964.000244449102,1
h0,163.33,965.000235544809,1
h0,191.935,966.000239640227,1
h0,220.763,967.000243736385,1
h0,249.803,968.000234833252,1
h0,279.077,969.0002389309,1
h0,308.612,970.000243029418,1
h0,338.452,971.000247128954,1
h0,368.43,972.00023822895,1
