h0,405.143,965.000236351411,1
h0,377.361,966.00024025874,1
h0,348.322,967.000244161877,1
h0,317.35,968.000235058565,1
h0,286.238,969.000238954787,1
h0,255.801,970.00024285326,1
h0,225.944,971.000246753669,1
h0,196.549,972.000237655616,1
h0,167.531,973.000241558822,1
h0,138.806,974.000245463008,1
h0,110.296,975.000236367906,1
h0,80.8287,976.000240269616,1
h0,49.8965,977.000244166437,1
h0,18.9114,978.000235063082,1
h0,12.3606,979.000239041231,1
h0,42.266,980.000243140984,1
h0,71.9874,981.000234240124,1
h0,101.688,982.000238339196,1
h0,131.287,983.000242437926,1
h0,160.701,984.000246536042,1
h0,189.981,985.000237633708,1
h0,219.14,986.000241730973,1
h0,248.194,987.000245827885,1
h0,277.371,988.000236925211,1
h0,306.586,989.000241022661,1
h0,335.743,990.000245119919,1
h0,364.882,991.000236217116,1
