h0,394.501,964.000245315913,1
h0,367.375,965.000236225431,1
h0,340.516,966.00024013584,1
h0,313.856,967.00024404691,1
h0,287.276,968.000234958249,1
h0,260.793,969.000238869911,1
h0,235.071,970.000242784112,1
h0,210.09,971.000246700786,1
h0,185.757,972.000237619619,1
h0,162.07,973.000241540606,1
h0,138.957,974.000245463511,1
h0,116.283,975.000236387878,1
h0,94.1006,976.000240313886,1
h0,72.3914,977.000244241472,1
h0,51.1035,978.000235170463,1
h0,30.3394,979.000239101201,1
h0,10.8967,980.000243036348,1
h0,13.3761,981.000234044618,1
h0,33.2676,982.000238110969,1
h0,54.4762,983.000242181713,1
h0,75.8237,984.000246252921,1
h0,97.0565,985.000237323746,1
h0,118.063,986.000241393815,1
h0,138.899,987.000245463316,1
h0,159.545,988.000236532185,1
h0,180.024,989.000240600497,1
h0,200.384,990.000244668409,1
h0,221.586,991.000235739133,1
h0,243.671,992.000239812799,1
h0,265.452,993.000243885453,1
h0,286.775,994.00023495658,1
h0,307.663,995.000239026252,1
h0,328.714,996.000243096471,1
h0,351.712,997.000247173185,1
h0,375,998.000238250865,1
