h0,401.354,980.000244338774,1
h0,378.871,981.000235263777,1
h0,356.38,982.000239188755,1
h0,333.855,983.000243113619,1
h0,311.3,984.000247038384,1
h0,288.758,985.000237963194,1
h0,266.191,986.000241887919,1
h0,243.62,987.000245812629,1
h0,221.029,988.000236737272,1
h0,198.401,989.000240661794,1
h0,175.795,990.000244586391,1
h0,153.157,991.000235510877,1
h0,130.536,992.00023943542,1
h0,107.971,993.000243360153,1
h0,85.396,994.00023428485,1
h0,62.861,995.000238209682,1
h0,40.3842,996.000242134707,1
h0,18.3334,997.000246061154,1
h0,8.41832,998.00023702808,1
h0,28.8343,999.000241096181,1
h0,51.2076,1000.00024517081,1
h0,73.7429,1001.00023624598,1
h0,96.3662,1002.000240321443,1
h0,118.996,1003.000244396926,1
h0,141.691,1004.000235472629,1
h0,164.315,1005.000239548095,1
h0,186.955,1006.000243623616,1
h0,209.582,1007.000234699092,1
h0,232.256,1008.000238774722,1
h0,254.875,1009.000242850171,1
h0,277.462,1010.000246925514,1
h0,299.922,1011.000238000433,1
h0,322.342,1012.000242075218,1
h0,344.714,1013.000246149843,1
h0,366.983,1014.000237224124,1
