h0,392.465,989.000241309123,1
h0,356.76,990.000245190024,1
h0,322.732,991.000236076519,1
h0,290.169,992.0002399679,1
h0,258.91,993.000243863632,1
h0,228.785,994.000234763144,1
h0,199.652,995.000238665967,1
h0,171.269,996.000242571293,1
h0,143.152,997.000246477503,1
h0,113.713,998.000237379305,1
h0,83.3654,999.000241278077,1
h0,54.0075,1000.00024518015,1
h0,25.6128,1001.000236085435,1
h0,3.95694,1002.000240013199,1
h0,29.6704,1003.00024409897,1
h0,56.3287,1004.000235187892,1
h0,82.6423,1005.000239275665,1
h0,108.689,1006.000243362547,1
h0,134.631,1007.00023444908,1
h0,161.498,1008.0002385387,1
h0,190.046,1009.000242633926,1
h0,217.829,1010.000246726598,1
h0,244.419,1011.000237815294,1
h0,270.004,1012.000241900636,1
h0,294.847,1013.000245983504,1
h0,319.031,1014.000237064173,1
h0,342.727,1015.000241143216,1
h0,366.086,1016.000245221133,1
