h0,389.888,955.000235300526,1
h0,349.949,956.000239167304,1
h0,310.043,957.000243034193,1
h0,270.72,958.000246903025,1
h0,232.257,959.000237774725,1
h0,194.59,960.000241649083,1
h0,157.571,961.000245525601,1
h0,120.614,962.000236402324,1
h0,83.6799,963.000240279126,1
h0,47.5778,964.000244158702,1
h0,12.5726,965.000235041938,1
h0,22.5479,966.000239075212,1
h0,56.1024,967.000243187137,1
h0,89.0389,968.000234297002,1
h0,122.26,969.000238407815,1
h0,155.66,970.000242519227,1
h0,188.311,971.000246628137,1
h0,220.821,972.000237736581,1
h0,255.002,973.000241850596,1
h0,290.376,974.000245968591,1
h0,325.044,975.00023708423,1
h0,359.035,976.000241197611,1
