h0,380.47,956.000239269111,1
h0,346.142,957.000243154604,1
h0,312.934,958.000247043837,1
h0,280.693,959.00023793629,1
h0,249.163,960.000241831117,1
h0,217.975,961.000245727086,1
h0,187.012,962.000236623805,1
h0,156.144,963.000240520841,1
h0,125.292,964.000244417931,1
h0,94.351,965.000235314721,1
h0,63.2619,966.000239211019,1
h0,32.204,967.000243107421,1
h0,3.29368,968.000234010987,1
h0,30.791,969.000238102708,1
h0,62.5603,970.000242208679,1
h0,95.0334,971.000246316997,1
h0,127.9,972.000237426628,1
h0,161.137,973.000241537496,1
h0,194.566,974.000245649003,1
h0,228.247,975.00023676135,1
h0,262.145,976.000240874422,1
h0,296.145,977.000244987833,1
h0,330.305,978.000236101779,1
h0,364.625,979.000240216258,1
