h0,399.774,945.000247333503,1
h0,370.032,946.000238234295,1
h0,340.657,947.00024213631,1
h0,311.609,948.000246039414,1
h0,282.885,949.000236943602,1
h0,254.462,950.000240848795,1
h0,225.905,951.000244753538,1
h0,196.905,952.000235656805,1
h0,167.116,953.00023955744,1
h0,136.32,954.000243454714,1
h0,105.209,955.000234350939,1
h0,74.0308,956.00023824694,1
h0,42.7852,957.000242142716,1
h0,11.8415,958.000246039499,1
h0,20.1293,959.000237067144,1
h0,51.2058,960.000241170804,1
h0,82.2684,961.000245274418,1
h0,113.308,962.000236377956,1
h0,144.264,963.000240481213,1
h0,175.067,964.00024458396,1
h0,205.685,965.000235686091,1
h0,235.61,966.000239785912,1
h0,264.979,967.000243883875,1
h0,293.78,968.000234979946,1
h0,322.088,969.00023907437,1
h0,349.939,970.000243167269,1
h0,377.408,971.000247258897,1
