h0,376.816,952.000236256923,1
h0,324.48,953.00024008235,1
h0,270.199,954.000243901288,1
h0,214.035,955.000234713943,1
h0,159.886,956.000238533323,1
h0,108.849,957.000242363081,1
h0,60.6637,958.000246202352,1
h0,14.065,959.000237046916,1
h0,33.5142,960.000241111791,1
h0,78.554,961.000245262028,1
h0,121.726,962.000236406035,1
h0,163.142,963.000240544183,1
h0,203.063,964.000244677345,1
h0,241.735,965.000235806342,1
h0,279.298,966.000239931638,1
h0,315.935,967.000244053845,1
h0,351.748,968.000235173306,1
