h0,402.936,950.000241344049,1
h0,380.936,951.000245270667,1
h0,358.969,952.000236197393,1
h0,337.074,953.000240124359,1
h0,315.175,954.000244051311,1
h0,293.367,955.000234978566,1
h0,271.361,956.000238905164,1
h0,248.102,957.000242827579,1
h0,223.668,958.000246746075,1
h0,199.484,959.000237665407,1
h0,175.566,960.000241585625,1
h0,151.933,961.000245506796,1
h0,128.509,962.000236428661,1
h0,105.395,963.000240351558,1
h0,82.4431,964.000244275001,1
h0,59.7044,965.000235199152,1
h0,37.1625,966.000239123961,1
h0,14.9011,967.000243049705,1
h0,8.39175,968.000234027992,1
h0,30.1929,969.000238100713,1
h0,52.2471,970.000242174278,1
h0,74.2882,971.000246247799,1
h0,96.2842,972.000237321169,1
h0,118.257,973.000241394464,1
h0,140.143,974.000245467468,1
h0,162.015,975.000236540425,1
h0,185.129,976.000240617525,1
h0,210.161,977.000244701021,1
h0,235.444,978.000235785356,1
h0,260.04,979.000239867399,1
h0,284.051,980.000243947493,1
h0,307.602,981.00023502605,1
h0,330.763,982.000239103308,1
h0,353.663,983.000243179691,1
h0,376.27,984.000247255102,1
