h0,415.519,947.000242386021,1
h0,374.824,948.000246250278,1
h0,332.238,949.000237108227,1
h0,287.781,950.000240959936,1
h0,241.44,951.000244805358,1
h0,193.449,952.000235645278,1
h0,145.219,953.000239484399,1
h0,97.0928,954.000243323867,1
h0,49.9213,955.000234166519,1
h0,5.18445,956.000238017293,1
h0,40.4904,957.000242135061,1
h0,83.7682,958.000246279421,1
h0,126.204,959.000237420972,1
h0,167.847,960.000241559878,1
h0,208.72,961.000245696216,1
h0,248.929,962.000236830339,1
h0,288.585,963.000240962615,1
h0,327.754,964.000245093271,1
h0,366.441,965.000236222316,1
