h0,386.848,973.000242290387,1
h0,351.237,974.000246171599,1
h0,315.659,975.000237052925,1
h0,280.066,976.000240934198,1
h0,244.854,977.000244816746,1
h0,212.273,978.000235708066,1
h0,182.51,979.000239608789,1
h0,155.429,980.000243518457,1
h0,130.807,981.000234436327,1
h0,108.432,982.000238361689,1
h0,88.0521,983.00024229371,1
h0,69.4268,984.000246231583,1
h0,52.2183,985.000237174181,1
h0,36.2945,986.000241121066,1
h0,21.5228,987.000245071792,1
h0,8.80559,988.000236029372,1
h0,10.222,989.000240034097,1
h0,22.544,990.000244075199,1
h0,35.6202,991.000235118816,1
h0,48.6989,992.000239162442,1
h0,61.7717,993.000243206048,1
h0,74.7686,994.000234249401,1
h0,87.7349,995.000238292652,1
h0,100.7,996.000242335898,1
h0,113.594,997.00024637891,1
h0,126.522,998.000237422032,1
h0,139.447,999.000241465144,1
h0,152.402,1000.000245508359,1
h0,165.32,1001.000236551449,1
h0,178.198,1002.000240594406,1
h0,191.111,1003.000244637477,1
h0,203.934,1004.000235680251,1
h0,216.891,1005.000239723469,1
h0,229.801,1006.000243766532,1
h0,242.702,1007.000234809567,1
h0,255.617,1008.000238852648,1
h0,268.523,1009.000242895697,1
h0,281.439,1010.000246938779,1
h0,294.607,1011.000237982703,1
h0,309.528,1012.000242032475,1
h0,326.246,1013.000246088239,1
h0,344.72,1014.000237149861,1
h0,365.143,1015.000241217985,1
