h0,385.658,942.000235286415,1
h0,354.319,943.000239181881,1
h0,323.317,944.00024307847,1
h0,293.4,945.000246978677,1
h0,263.516,946.000237878993,1
h0,233.085,947.000241777486,1
h0,202.513,948.00024567551,1
h0,171.577,949.000236572321,1
h0,140.964,950.000240470204,1
h0,110.667,951.000244369146,1
h0,80.7334,952.000235269298,1
h0,51.0858,953.000239170404,1
h0,22.1151,954.000243073768,1
h0,10.3261,955.000234034444,1
h0,37.739,956.000238125884,1
h0,66.0935,957.000242220464,1
h0,94.1566,958.000246314073,1
h0,121.878,959.000237406541,1
h0,149.252,960.000241497853,1
h0,176.391,961.000245588379,1
h0,203.257,962.000236677994,1
h0,229.972,963.000240767103,1
h0,256.519,964.000244855657,1
h0,282.869,965.000235943548,1
h0,309.113,966.000240031089,1
h0,335.297,967.00024411843,1
h0,361.508,968.000235205861,1
