h0,403.493,968.000235345908,1
h0,368.656,969.000239229706,1
h0,334.658,970.000243116298,1
h0,300.768,971.000247003255,1
h0,267.042,972.000237890757,1
h0,233.402,973.000241778546,1
h0,200.321,974.000245668198,1
h0,168.029,975.000236560484,1
h0,136.545,976.000240455464,1
h0,105.861,977.000244353113,1
h0,75.9321,978.000235253282,1
h0,46.5389,979.000239155237,1
h0,17.362,980.000243057914,1
h0,12.3439,981.000234041175,1
h0,40.4075,982.000238134785,1
h0,68.3829,983.000242228101,1
h0,96.9883,984.000246323518,1
h0,126.104,985.000237420637,1
h0,155.399,986.000241518355,1
h0,184.627,987.000245615848,1
h0,213.713,988.00023671287,1
h0,242.538,989.000240809021,1
h0,271.189,990.000244904591,1
h0,299.678,991.000235999619,1
h0,327.9,992.000240093755,1
h0,355.998,993.000244187482,1
