h0,155.699,937.000239519358,1
h0,172.042,938.00024357387,1
h0,185.256,939.000234617946,1
h0,195.631,940.000238652555,1
h0,203.278,941.000242678061,1
h0,208.312,942.000246694853,1
h0,212.649,943.00023770932,1
h0,216.86,944.000241723366,1
h0,221.07,945.000245737411,1
h0,226.043,946.000236754,1
h0,232.179,947.000240774467,1
h0,239.711,948.000244799588,1
h0,247.71,949.000235826271,1
h0,255.609,950.000239852618,1
h0,263.661,951.000243879479,1
h0,271.691,952.000234906264,1
h0,279.399,953.000238931976,1
h0,286.883,954.00024295694,1
h0,294.206,955.000246981365,1
h0,301.327,956.000238005119,1
h0,308.233,957.000242028155,1
h0,314.939,958.000246050522,1
h0,321.538,959.000237072535,1
h0,327.93,960.000241093858,1
h0,334.269,961.000245115,1
h0,340.486,962.000236135738,1
h0,346.812,963.00024015684,1
h0,353.695,964.000244179798,1
h0,360.192,965.000235201472,1
h0,366.15,966.000239221346,1
h0,370.667,967.000243236413,1
h0,373.433,968.000247245638,1
h0,374.453,969.000238249042,1
h0,373.713,970.000242246573,1
h0,371.148,971.000246238017,1
h0,366.787,972.000237223471,1
h0,360.579,973.000241202761,1
h0,352.579,974.000245176076,1
h0,342.558,975.00023614265,1
h0,330.591,976.000240102732,1
h0,318.099,977.000244061063,1
h0,307.618,978.000235026102,1
h0,298.955,979.000238997205,1
h0,291.944,980.000242973822,1
h0,286.648,981.000246956154,1
h0,282.909,982.000237943683,1
h0,280.313,983.000241935023,1
h0,278.778,984.000245929904,1
h0,278.206,985.000236927995,1
h0,278.492,986.00024092895,1
h0,279.491,987.00024493228,1
h0,281.009,988.000235937347,1
h0,282.654,989.000239942832,1
h0,284.255,990.000243948174,1
h0,285.811,991.000234953364,1
h0,287.261,992.0002389582,1
h0,288.634,993.00024296278,1
h0,289.893,994.000246966981,1
h0,290.603,995.000237969348,1
h0,289.263,996.000241964877,1
h0,285.805,997.000245953344,1
h0,280.063,998.000236934189,1
h0,272.051,999.000240907466,1
h0,261.855,1000.000244873456,1
h0,249.518,1001.000235832304,1
h0,236.423,1002.000239788622,1
h0,224.718,1003.00024374958,1
h0,214.503,1004.000234715506,1
h0,205.498,1005.000238685466,1
h0,197.699,1006.000242659452,1
h0,190.977,1007.00024663703,1
h0,185.232,1008.000237617866,1
h0,180.294,1009.000241601397,1
h0,176.169,1010.000245587635,1
h0,172.675,1011.000236575981,1
h0,169.674,1012.000240565971,1
h0,167.196,1013.000244557705,1
h0,165.119,1014.000235550778,1
h0,163.375,1015.00023954496,1
h0,161.923,1016.000243540117,1
h0,160.726,1017.000234536125,1
h0,159.735,1018.000238532819,1
h0,158.855,1019.000242529884,1
h0,158.057,1020.00024652722,1
h0,157.49,1021.000237525331,1
h0,157.017,1022.000241523752,1
h0,156.615,1023.000245522413,1
h0,156.33,1024.00023652146,1
h0,156.029,1025.000240520456,1
h0,155.807,1026.000244519717,1
h0,155.595,1027.00023551901,1
h0,155.505,1028.000239518708,1
h0,155.559,1029.00024351889,1
h0,155.796,1030.000234519678,1
h0,156.376,1031.000238521616,1
h0,157.055,1032.00024252388,1
h0,157.934,1033.000246526811,1
h0,158.893,1034.000237530009,1
h0,159.952,1035.000241533541,1
h0,161.364,1036.000245538251,1
h0,163.308,1037.000236544737,1
h0,165.416,1038.000240551769,1
h0,167.389,1039.000244558349,1
h0,169.279,1040.000235564656,1
h0,171.082,1041.000239570668,1
h0,172.671,1042.000243575968,1
h0,174.174,1043.000234580983,1
h0,175.604,1044.000238585752,1
h0,176.871,1045.000242589979,1
h0,178.158,1046.000246594271,1
h0,180.323,1047.000237601492,1
h0,183.609,1048.000241612453,1
h0,188.077,1049.000245627357,1
