h0,397.789,958.000247326883,1
h0,353.364,959.000238178697,1
h0,309.559,960.000242032579,1
h0,266.602,961.000245889289,1
h0,224.236,962.000236747971,1
h0,180.725,963.000240602833,1
h0,135.63,964.000244452412,1
h0,88.9242,965.000235296619,1
h0,41.4195,966.000239138161,1
h0,7.10813,967.00024302371,1
h0,54.1051,968.000234180475,1
h0,101.715,969.000238339283,1
h0,148.793,970.00024249632,1
h0,195.327,971.000246651541,1
h0,241.401,972.000237805225,1
h0,287.069,973.000241957557,1
h0,332.322,974.000246108506,1
h0,377.253,975.000237258381,1
