h0,402.785,966.000240343546,1
h0,368.617,967.000244229575,1
h0,332.732,968.000235109874,1
h0,296.594,969.000238989332,1
h0,260.452,970.000242868773,1
h0,224.298,971.000246748177,1
h0,188.149,972.000237627597,1
h0,152.067,973.00024150724,1
h0,116.956,974.000245390122,1
h0,83.0955,975.000236277177,1
h0,50.3956,976.000240168102,1
h0,19.1475,977.000244063869,1
h0,14.5452,978.000235048518,1
h0,43.8893,979.000239146399,1
h0,73.4749,980.000243245086,1
h0,102.61,981.000234342271,1
h0,131.323,982.000238438045,1
h0,160.433,983.000242535145,1
h0,189.682,984.000246632712,1
h0,218.752,985.000237729677,1
h0,247.744,986.000241826385,1
h0,276.616,987.000245922692,1
h0,305.373,988.000237018615,1
h0,334.031,989.000241114208,1
h0,362.667,990.000245209728,1
