h0,400.197,937.000241334915,1
h0,362.771,938.000245210075,1
h0,327.071,939.00023609099,1
h0,292.937,940.000239977131,1
h0,260.169,941.00024386783,1
h0,228.63,942.000234762628,1
h0,198.195,943.000238661106,1
h0,168.694,944.000242562701,1
h0,140.03,945.00024646709,1
h0,111.977,946.000237373517,1
h0,83.9168,947.000241279916,1
h0,55.641,948.000245185599,1
h0,27.5685,949.000236091959,1
h0,3.35836,950.000240011202,1
h0,31.313,951.000244104449,1
h0,63.3239,952.000235211226,1
h0,95.4688,953.000239318449,1
h0,127.119,954.000243424023,1
h0,158.421,955.000234528434,1
h0,189.418,956.000238631832,1
h0,220.171,957.000242734412,1
h0,250.661,958.000246836114,1
h0,280.847,959.000237936806,1
h0,311.029,960.000242037481,1
h0,341.024,961.000246137533,1
h0,370.95,962.000237237357,1
