h0,393.56,951.000245312775,1
h0,356.754,952.000236190003,1
h0,319.953,953.000240067248,1
h0,283.126,954.000243944406,1
h0,246.315,955.00023482162,1
h0,209.522,956.000238698891,1
h0,172.695,957.000242576047,1
h0,135.857,958.000246453171,1
h0,99.0275,959.00023733032,1
h0,62.1126,960.000241207185,1
h0,24.2032,961.000245080733,1
h0,15.1946,962.000236050684,1
h0,53.8544,963.000240179639,1
h0,92.7437,964.00024430936,1
h0,131.807,965.000235439662,1
h0,170.853,966.000239569905,1
h0,209.963,967.000243700363,1
h0,249.119,968.00023483097,1
h0,288.283,969.000238961608,1
h0,327.464,970.000243092301,1
h0,366.635,971.000247222963,1
