h0,413.445,959.000238379105,1
h0,378.047,960.00024226103,1
h0,342.224,961.000246141536,1
h0,304.872,962.000237016945,1
h0,266.426,963.000240888702,1
h0,228.421,964.000244761929,1
h0,190.827,965.000235636529,1
h0,153.607,966.000239512379,1
h0,116.737,967.000243389394,1
h0,80.2475,968.000234267677,1
h0,42.434,969.000238141544,1
h0,6.74095,970.000242022485,1
h0,38.1995,971.00024612742,1
h0,76.3776,972.000237254768,1
h0,113.261,973.000241377797,1
h0,148.886,974.00024549663,1
h0,183.378,975.000236611684,1
h0,216.96,976.000240723701,1
h0,249.767,977.000244833134,1
h0,281.898,978.000235940312,1
h0,315.09,979.000240051026,1
h0,349.942,980.000244167281,1
