h0,414.373,959.000238382199,1
h0,378.477,960.000242262463,1
h0,342.449,961.000246142287,1
h0,306.574,962.000237022619,1
h0,270.844,963.00024090344,1
h0,235.277,964.0002447848,1
h0,199.891,965.000235666763,1
h0,164.624,966.000239549127,1
h0,129.529,967.000243432061,1
h0,94.4686,968.000234315113,1
h0,58.5313,969.00023819524,1
h0,21.43,970.000242071483,1
h0,16.39,971.000246054671,1
h0,53.0579,972.000237176982,1
h0,89.5669,973.000241298763,1
h0,125.767,974.000245419514,1
h0,161.698,975.000236539367,1
h0,197.204,976.000240657801,1
h0,231.902,977.000244773543,1
h0,265.942,978.000235887088,1
h0,299.325,979.00023999844,1
h0,332.3,980.000244108433,1
h0,366.019,981.000235220909,1
