h0,395.727,959.000238320003,1
h0,365.786,960.00024222013,1
h0,336.474,961.000246122357,1
h0,307.739,962.000237026508,1
h0,279.415,963.000240932027,1
h0,250.993,964.000244837221,1
h0,222.287,965.000235741469,1
h0,193.627,966.000239645871,1
h0,165.159,967.000243550912,1
h0,136.792,968.00023445629,1
h0,108.245,969.000238361067,1
h0,79.7043,970.000242265865,1
h0,51.2369,971.000246170908,1
h0,22.2845,972.000237074333,1
h0,9.14559,973.000241030506,1
h0,40.0517,974.000245133598,1
h0,70.803,975.000236236173,1
h0,101.049,976.000240337064,1
h0,130.846,977.000244436455,1
h0,160.298,978.000235534696,1
h0,189.387,979.000239631729,1
h0,218.262,980.000243728045,1
h0,246.925,981.000234823652,1
h0,276.479,982.000238922234,1
h0,307.601,983.000243026045,1
h0,338.666,984.000247129667,1
h0,369.32,985.000238231918,1
