h0,405.2,947.000242351601,1
h0,373.536,948.000246245984,1
h0,340.798,949.000237136778,1
h0,308.269,950.000241028276,1
h0,276.971,951.000244923877,1
h0,244.862,952.000235816773,1
h0,212.042,953.000239707296,1
h0,180.719,954.000243602815,1
h0,149.321,955.000234498083,1
h0,116.357,956.000238388124,1
h0,81.6481,957.000242272349,1
h0,45.2531,958.000246150948,1
h0,9.36158,959.000237031227,1
h0,27.2595,960.000241090928,1
h0,62.261,961.00024520768,1
h0,96.2669,962.000236321112,1
h0,129.461,963.000240431836,1
h0,162.068,964.000244540601,1
h0,193.936,965.000235646902,1
h0,225.695,966.000239752838,1
h0,257.819,967.000243859992,1
h0,290.715,968.000234969722,1
h0,324.244,969.000239081562,1
h0,357.853,970.000243193668,1
