h0,393.938,953.000240314036,1
h0,361.41,954.000244205535,1
h0,328.945,955.000235097242,1
h0,296.458,956.000238988878,1
h0,264.053,957.000242880788,1
h0,231.982,958.000246773809,1
h0,200.857,959.000237669988,1
h0,170.577,960.000241568982,1
h0,141.091,961.00024547063,1
h0,112.408,962.000236374953,1
h0,84.4394,963.000240281659,1
h0,57.0705,964.000244190367,1
h0,30.4489,965.000235101567,1
h0,5.23824,966.000239017473,1
h0,21.6086,967.000243072078,1
h0,46.5249,968.00023415519,1
h0,71.1256,969.00023823725,1
h0,96.1173,970.000242320613,1
h0,121.808,971.000246406308,1
h0,148.472,972.00023749525,1
h0,176.433,973.000241588517,1
h0,205.762,974.000245686347,1
h0,235.742,975.00023678635,1
h0,265.968,976.000240887174,1
h0,296.5,977.000244989017,1
h0,327.278,978.000236091683,1
h0,358.272,979.000240195067,1
