h0,398.831,980.000244330357,1
h0,375.499,981.000235252528,1
h0,352.065,982.000239174364,1
h0,328.563,983.00024309597,1
h0,305.011,984.000247017407,1
h0,281.371,985.000237938552,1
h0,257.719,986.000241859659,1
h0,234.057,987.000245780731,1
h0,210.425,988.000236701904,1
h0,186.719,989.000240622826,1
h0,163.051,990.000244543881,1
h0,139.341,991.000235464792,1
h0,115.632,992.000239385705,1
h0,91.9162,993.000243306599,1
h0,68.2549,994.000234227674,1
h0,44.6983,995.000238149097,1
h0,21.4623,996.000242071591,1
h0,7.18561,997.000246023969,1
h0,27.7559,998.000237092584,1
h0,51.1645,999.000241170667,1
h0,74.7583,1000.000245249367,1
h0,98.4381,1001.000236328354,1
h0,122.172,1002.00024040752,1
h0,145.901,1003.000244486675,1
h0,170.213,1004.00023556777,1
h0,196.511,1005.000239655491,1
h0,224.817,1006.000243749907,1
h0,255.243,1007.0002348514,1
h0,286.812,1008.000238956702,1
h0,316.735,1009.000243056516,1
h0,345.017,1010.000247150853,1
h0,371.827,1011.00023824028,1
