h0,411.667,975.000237373173,1
h0,389.577,976.00024129949,1
h0,367.542,977.00024522599,1
h0,345.61,978.000236152831,1
h0,323.513,979.000240079124,1
h0,300.15,980.000244001194,1
h0,275.531,981.000234919073,1
h0,249.805,982.000238833261,1
h0,223.921,983.000242746921,1
h0,197.858,984.000246659983,1
h0,171.743,985.000237572873,1
h0,145.518,986.000241485395,1
h0,119.204,987.000245397621,1
h0,92.9452,988.000236310032,1
h0,67.4338,989.000240224935,1
h0,43.1842,990.000244144047,1
h0,20.4265,991.000235068136,1
h0,7.05213,992.000239023523,1
h0,25.238,993.000243084185,1
h0,45.5354,994.00023415189,1
h0,65.337,995.000238217941,1
h0,84.5706,996.000242282097,1
h0,103.259,997.000246344436,1
h0,121.726,998.000237406035,1
h0,141.031,999.000241470429,1
h0,161.439,1000.000245538501,1
h0,183.376,1001.000236611677,1
h0,206.886,1002.000240690096,1
h0,231.85,1003.000244773369,1
h0,257.302,1004.000235858268,1
h0,282.947,1005.00023994381,1
h0,308.744,1006.000244029861,1
h0,334.722,1007.000235116511,1
h0,360.394,1008.000239202144,1
