h0,411.302,992.000240371956,1
h0,393.895,993.000244313892,1
h0,376.33,994.000235255303,1
h0,358.673,995.000239196404,1
h0,340.985,996.000243137404,1
h0,323.225,997.000247078163,1
h0,305.457,998.000238018895,1
h0,287.641,999.000241959468,1
h0,269.809,1000.000245899986,1
h0,251.993,1001.00023684056,1
h0,234.207,1002.000240781229,1
h0,216.459,1003.000244722029,1
h0,198.744,1004.000235662938,1
h0,181.058,1005.000239603944,1
h0,163.467,1006.000243545267,1
h0,145.613,1007.000234485712,1
h0,126.175,1008.000238420874,1
h0,105.544,1009.000242352057,1
h0,84.7191,1010.000246282592,1
h0,63.7911,1011.000237212784,1
h0,42.7994,1012.000241142763,1
h0,21.8372,1013.000245072841,1
h0,3.22779,1014.000236010767,1
h0,22.1536,1015.000240073897,1
h0,46.2445,1016.000244154255,1
h0,72.4933,1017.000235241812,1
h0,100.744,1018.000239336047,1
h0,131.033,1019.000243437079,1
h0,163.146,1020.000234544196,1
h0,197.222,1021.000238657861,1
h0,233.29,1022.00024277817,1
h0,271.305,1023.000246904975,1
h0,310.495,1024.000238035699,1
h0,348.218,1025.00024216153,1
