h0,397.336,978.000236325369,1
h0,376.47,979.000240255767,1
h0,355.717,980.000244186545,1
h0,334.993,981.000235117415,1
h0,314.342,982.000239048531,1
h0,293.711,983.000242979713,1
h0,273.164,984.000246911178,1
h0,252.655,985.000237842766,1
h0,232.099,986.000241774197,1
h0,211.188,987.000245704449,1
h0,188.758,988.000236629629,1
h0,164.419,989.000240548443,1
h0,138.111,990.000244460688,1
h0,109.88,991.000235366519,1
h0,79.7347,992.000239265966,1
h0,47.6514,993.000243158948,1
h0,12.947,994.000234043186,1
h0,25.3728,995.000238084634,1
h0,62.6045,996.000242208826,1
h0,99.0201,997.000246330295,1
h0,134.603,998.000237448988,1
h0,169.517,999.000241565449,1
h0,203.739,1000.0002456796,1
h0,237.265,1001.000236791432,1
h0,270.396,1002.000240901943,1
h0,303.027,1003.00024501079,1
h0,335.603,1004.000236119451,1
h0,368.387,1005.000240228806,1
