h0,393.762,937.000241313447,1
h0,365.184,938.000245218122,1
h0,336.204,939.000236121457,1
h0,306.711,940.000240023077,1
h0,276.432,941.000243922078,1
h0,245.888,942.000234820193,1
h0,215.219,943.000238717893,1
h0,184.526,944.000242615511,1
h0,153.802,945.000246513029,1
h0,123.006,946.000237410303,1
h0,92.201,947.000241307549,1
h0,61.3316,948.00024520458,1
h0,30.5597,949.000236101936,1
h0,3.2403,950.000240010808,1
h0,31.6276,951.000244105498,1
h0,63.2115,952.000235210851,1
h0,96.3688,953.000239321452,1
h0,129.977,954.000243433555,1
h0,163.25,955.000234544544,1
h0,196.352,956.000238654958,1
h0,229.092,957.00024276417,1
h0,261.662,958.00024687281,1
h0,293.965,959.000237980562,1
h0,326.075,960.000242087671,1
h0,358.038,961.000246194285,1
