h0,410.317,987.000246368671,1
h0,390.931,988.000237304006,1
h0,371.545,989.000241239341,1
h0,351.375,990.000245172062,1
h0,329.969,991.000236100659,1
h0,308.386,992.000240028665,1
h0,286.964,993.000243957208,1
h0,265.764,994.000234886493,1
h0,244.719,995.000238816293,1
h0,223.896,996.000242746838,1
h0,203.252,997.000246677976,1
h0,182.714,998.000237609467,1
h0,161.896,999.000241540027,1
h0,139.25,1000.000245464486,1
h0,115.386,1001.000236384888,1
h0,91.469,1002.000240305108,1
h0,67.5283,1003.00024422525,1
h0,44.0103,1004.000235146803,1
h0,21.1242,1005.000239070463,1
h0,7.10022,1006.000243023684,1
h0,26.8876,1007.000234089687,1
h0,49.442,1008.000238164921,1
h0,72.1193,1009.000242240564,1
h0,94.8077,1010.000246316244,1
h0,117.44,1011.000237391739,1
h0,140.135,1012.00024146744,1
h0,163.886,1013.000245546663,1
h0,189.086,1014.000236630723,1
h0,215.992,1015.000240720473,1
h0,244.655,1016.000244816082,1
h0,274.83,1017.000235916735,1
h0,304.515,1018.000240015753,1
h0,333.277,1019.000244111694,1
h0,361.255,1020.000235205017,1
