h0,410.207,960.000237368305,1
h0,384.536,961.000241282674,1
h0,358.864,962.00024519704,1
h0,333.335,963.000236111886,1
h0,308.329,964.000240028476,1
h0,283.491,965.000243945626,1
h0,258.453,966.000234862106,1
h0,232.997,967.000238777195,1
h0,207.439,968.000242691941,1
h0,181.905,969.000246606769,1
h0,156.328,970.000237521454,1
h0,130.744,971.000241436116,1
h0,105.254,972.000245351089,1
h0,79.7009,973.000236265853,1
h0,54.2651,974.000240181009,1
h0,28.9938,975.000244096713,1
h0,6.94265,976.000235023158,1
h0,23.8199,977.000239079455,1
h0,48.9784,978.000243163374,1
h0,74.4459,979.000234248325,1
h0,99.9846,980.000238333513,1
h0,125.578,981.000242418883,1
h0,151.171,982.000246504252,1
h0,176.796,983.00023758973,1
h0,202.406,984.000241675154,1
h0,228.025,985.000245760611,1
h0,253.665,986.000236846135,1
h0,279.34,987.000240931777,1
h0,305.006,988.000245017391,1
h0,330.565,989.000236102646,1
h0,356.194,990.000240188134,1
