h0,409.492,985.000238365917,1
h0,389.625,986.000242299651,1
h0,369.839,987.00024623365,1
h0,350.078,988.000237167734,1
h0,330.592,989.000241102736,1
h0,311.098,990.000245037712,1
h0,291.775,991.000235973257,1
h0,272.448,992.000239908789,1
h0,253.004,993.000243843931,1
h0,233.446,994.000234778692,1
h0,213.754,995.000238713006,1
h0,194.005,996.000242647133,1
h0,174.156,997.000246580922,1
h0,154.272,998.000237514598,1
h0,134.276,999.000241447897,1
h0,114.363,1000.000245381473,1
h0,94.464,1001.000236315098,1
h0,74.6722,1002.00024024908,1
h0,54.9992,1003.000244183458,1
h0,35.4685,1004.00023511831,1
h0,16.5723,1005.000239055279,1
h0,7.67933,1006.000243025615,1
h0,24.5385,1007.000234081852,1
h0,43.7587,1008.000238145963,1
h0,63.3644,1009.000242211361,1
h0,83.0722,1010.000246277099,1
h0,102.95,1011.000237343403,1
h0,122.85,1012.000241409785,1
h0,142.898,1013.000245476656,1
h0,163.069,1014.000236543939,1
h0,183.319,1015.000240611486,1
h0,203.653,1016.000244679312,1
h0,224.035,1017.000235747301,1
h0,245.027,1018.000239817321,1
h0,267.898,1019.000243893611,1
h0,292.193,1020.000234974651,1
h0,316.615,1021.000239056114,1
h0,341.078,1022.000243137713,1
h0,365.727,1023.000247219936,1
