h0,404.973,995.000243350843,1
h0,376.046,996.000247254354,1
h0,345.063,997.000238151006,1
h0,312.275,998.000242041636,1
h0,277.548,999.000245925799,1
h0,242.212,1000.000236807931,1
h0,207.72,1001.000240692881,1
h0,174.513,1002.000244582114,1
h0,142.434,1003.000235475109,1
h0,111.477,1004.000239371846,1
h0,81.4785,1005.000243271783,1
h0,52.4429,1006.000234174931,1
h0,24.3088,1007.000238081085,1
h0,4.65626,1008.000242015532,1
h0,30.4284,1009.000246101498,1
h0,56.6612,1010.000237189001,1
h0,82.4905,1011.000241275159,1
h0,107.906,1012.000245359935,1
h0,132.983,1013.000236443583,1
h0,157.812,1014.000240526405,1
h0,182.434,1015.000244608533,1
h0,207.136,1016.00023569093,1
h0,233.627,1017.000239779295,1
h0,261.519,1018.000243872334,1
h0,288.703,1019.000234963011,1
h0,315.289,1020.000239051692,1
h0,341.385,1021.000243138736,1
h0,367.115,1022.000247224564,1
