h0,397.877,956.000239327176,1
h0,363.017,957.000243210893,1
h0,326.852,958.000247090261,1
h0,289.253,959.000237964845,1
h0,250.221,960.000241834647,1
h0,209.64,961.000245699285,1
h0,167.417,962.000236558442,1
h0,124.247,963.000240414444,1
h0,80.9527,964.000244270029,1
h0,36.0394,965.000235120215,1
h0,12.0748,966.000239040277,1
h0,54.5614,967.000243181997,1
h0,95.6418,968.000234319027,1
h0,134.535,969.000238448761,1
h0,171.678,970.000242572657,1
h0,207.096,971.000246690797,1
h0,241.023,972.000237803968,1
h0,273.847,973.000241913455,1
h0,305.873,974.000246020281,1
h0,337.327,975.000237125201,1
h0,368.275,976.000241228433,1
