h0,392.977,955.00023531083,1
h0,363.318,956.000239211897,1
h0,333.679,957.000243113034,1
h0,304.013,958.00024701408,1
h0,274.376,959.000237915221,1
h0,244.727,960.00024181632,1
h0,215.124,961.000245717575,1
h0,185.57,962.000236618994,1
h0,155.963,963.000240520236,1
h0,126.361,964.000244421496,1
h0,95.1879,965.000235317513,1
h0,62.0261,966.000239206897,1
h0,26.9678,967.000243089955,1
h0,10.8273,968.000234036116,1
h0,49.3542,969.000238164628,1
h0,88.9882,970.000242296833,1
h0,128.664,971.000246429178,1
h0,168.345,972.00023756154,1
h0,208.018,973.000241693874,1
h0,247.659,974.000245826102,1
h0,287.344,975.000236958476,1
h0,327.055,976.000241090939,1
h0,366.038,977.000245220972,1
