h0,412.306,957.000243375304,1
h0,386.131,958.000247287993,1
h0,360.513,959.000238202541,1
h0,335.328,960.000242118533,1
h0,310.467,961.000246035606,1
h0,285.99,962.000236953962,1
h0,261.772,963.000240873178,1
h0,237.854,964.000244793395,1
h0,214.03,965.000235713927,1
h0,190.352,966.000239634945,1
h0,166.821,967.000243556455,1
h0,143.415,968.00023447838,1
h0,120.008,969.000238400303,1
h0,96.18,970.000242320822,1
h0,71.602,971.000246238838,1
h0,46.5866,972.000237155396,1
h0,21.7245,973.000241072465,1
h0,8.03532,974.000245026803,1
h0,31.3311,975.000236104509,1
h0,56.9636,976.00024019001,1
h0,82.9272,977.000244276615,1
h0,109.047,978.00023536374,1
h0,135.34,979.000239451447,1
h0,161.727,980.000243539462,1
h0,188.165,981.000234627652,1
h0,214.663,982.00023871604,1
h0,241.116,983.000242804277,1
h0,267.795,984.000246893268,1
h0,294.453,985.000237982189,1
h0,321.16,986.000242071275,1
h0,347.937,987.000246160592,1
h0,374.7,988.000237249864,1
