h0,403.945,979.000244347416,1
h0,379.751,980.000235266713,1
h0,354.92,981.000239183886,1
h0,330.532,982.000243102536,1
h0,306.569,983.000247022603,1
h0,282.536,984.000237942438,1
h0,257.558,985.000241859122,1
h0,231.474,986.000245772113,1
h0,203.975,987.000236680388,1
h0,174.838,988.000240583197,1
h0,144.91,989.000244483369,1
h0,115.876,990.00023538652,1
h0,87.624,991.000239292282,1
h0,60.2258,992.000243200892,1
h0,33.4665,993.000234111632,1
h0,7.58029,994.000238025285,1
h0,19.484,995.000242064992,1
h0,45.6561,996.000246152292,1
h0,73.3245,997.000237244584,1
h0,102.74,998.000241342703,1
h0,133.953,999.00024544682,1
h0,167.065,1000.000236557269,1
h0,202.107,1001.000240674157,1
h0,238.96,1002.000244797083,1
h0,277.369,1003.000235925203,1
h0,315.144,1004.000240051207,1
h0,352.199,1005.000244174809,1
