h0,400.289,988.000236335222,1
h0,380.98,989.000240270814,1
h0,361.925,990.000244207253,1
h0,343.235,991.00023514491,1
h0,324.85,992.000239083582,1
h0,306.713,993.000243023085,1
h0,288.744,994.000246963147,1
h0,270.429,995.000237902053,1
h0,252.016,996.000241840635,1
h0,233.005,997.000245777222,1
h0,213.147,998.000236710983,1
h0,193.519,999.000240645509,1
h0,174.281,1000.000244581338,1
h0,155.535,1001.00023551881,1
h0,137.09,1002.000239457284,1
h0,118.849,1003.000243396437,1
h0,100.697,1004.00023433589,1
h0,82.368,1005.00023827475,1
h0,63.9918,1006.000242213454,1
h0,45.458,1007.000246151632,1
h0,26.9141,1008.000237089776,1
h0,9.55313,1009.000241031866,1
h0,14.2469,1010.000245047522,1
h0,34.9131,1011.000236116458,1
h0,57.8428,1012.000240192943,1
h0,80.6826,1013.000244269128,1
h0,103.108,1014.000235343931,1
h0,125.156,1015.000239417474,1
h0,147.053,1016.000243490516,1
h0,169.287,1017.000234564679,1
h0,192.232,1018.000238641217,1
h0,215.43,1019.000242718598,1
h0,238.818,1020.000246796613,1
h0,262.366,1021.00023787516,1
h0,286.117,1022.000241954384,1
h0,309.89,1023.000246033683,1
h0,333.885,1024.000237113722,1
h0,358.037,1025.000241194283,1
