h0,401.469,942.000235339156,1
h0,363.285,943.000239211787,1
h0,324.642,944.00024308289,1
h0,285.768,945.000246953218,1
h0,246.672,946.000237822811,1
h0,207.367,947.000241691703,1
h0,167.915,948.000245560104,1
h0,128.369,949.000236428194,1
h0,88.6789,950.000240295801,1
h0,48.9264,951.000244163201,1
h0,9.53018,952.000235031789,1
h0,31.1646,953.000239103954,1
h0,71.0988,954.00024323716,1
h0,111.16,955.000234370789,1
h0,151.311,956.00023850472,1
h0,191.475,957.000242638693,1
h0,231.682,958.000246772809,1
h0,271.934,959.000237907075,1
h0,312.195,960.000242041372,1
h0,352.477,961.000246175735,1
