h0,408.953,981.000239364122,1
h0,384.924,982.000243283967,1
h0,360.734,983.00024720328,1
h0,336.432,984.000238122216,1
h0,312.202,985.000242041392,1
h0,287.833,986.000245960107,1
h0,263.363,987.000236878483,1
h0,238.805,988.000240796568,1
h0,214.213,989.000244714539,1
h0,189.638,990.000235632564,1
h0,164.986,991.000239550333,1
h0,140.38,992.000243468258,1
h0,115.681,993.000234385872,1
h0,90.0492,994.000238300372,1
h0,62.8045,995.000242209493,1
h0,34.1319,996.000246113852,1
h0,7.04004,997.000237023483,1
h0,30.015,998.000241100119,1
h0,62.6668,999.000245209034,1
h0,95.5055,1000.000236318572,1
h0,128.256,1001.000240427815,1
h0,161.067,1002.000244537263,1
h0,193.852,1003.000235646622,1
h0,226.598,1004.000239755849,1
h0,259.285,1005.000243864882,1
h0,291.961,1006.000234973878,1
h0,324.585,1007.000239082699,1
h0,357.19,1008.000243191459,1
