h0,410.063,947.000242367822,1
h0,374.401,948.000246248867,1
h0,338.658,949.000237129642,1
h0,302.917,950.000241010422,1
h0,267.165,951.000244891167,1
h0,231.434,952.000235771982,1
h0,195.665,953.000239652669,1
h0,159.865,954.000243533253,1
h0,124.034,955.000234413732,1
h0,88.2114,956.000238294242,1
h0,52.432,957.000242174894,1
h0,16.772,958.000246055945,1
h0,19.6463,959.000237065533,1
h0,55.4194,960.000241184859,1
h0,92.6978,961.000245309207,1
h0,131.883,962.000236439913,1
h0,172.988,963.000240577026,1
h0,214.782,964.000244716435,1
h0,256.392,965.000235855233,1
h0,298.791,966.000239996659,1
h0,342.119,967.000244141187,1
