h0,393.604,948.000246312921,1
h0,360.853,949.000237203676,1
h0,328.892,950.000241097065,1
h0,297.617,951.000244992743,1
h0,266.967,952.000235890507,1
h0,236.867,953.000239790104,1
h0,207.292,954.00024369145,1
h0,178.179,955.000234594342,1
h0,149.506,956.000238498698,1
h0,121.165,957.000242404162,1
h0,93.1884,958.000246310843,1
h0,65.5945,959.0002372188,1
h0,38.4687,960.000241128318,1
h0,12.4719,961.000245041602,1
h0,17.4994,962.000236058372,1
h0,43.5778,963.00024014536,1
h0,70.0165,964.00024423355,1
h0,96.4808,965.000235321825,1
h0,122.879,966.00023940988,1
h0,149.193,967.000243497654,1
h0,175.369,968.000234584967,1
h0,201.211,969.000238671168,1
h0,226.543,970.000242755667,1
h0,251.443,971.000246838724,1
h0,276.362,972.000237921843,1
h0,301.655,973.000242006214,1
h0,327.017,974.000246090812,1
h0,352.355,975.000237175329,1
h0,377.57,976.000241259438,1
