h0,407.281,942.000235358544,1
h0,375.427,943.00023925229,1
h0,344.824,944.000243150208,1
h0,315.21,945.000247051426,1
h0,286.362,946.000237955202,1
h0,258.191,947.000241861232,1
h0,230.481,948.000245768803,1
h0,203.096,949.000236677454,1
h0,175.99,950.000240587039,1
h0,149.036,951.000244497131,1
h0,122.233,952.000235407725,1
h0,95.5035,953.000239318565,1
h0,68.9196,954.000243229891,1
h0,42.3527,955.000234141273,1
h0,15.2624,956.00023805091,1
h0,14.0854,957.000242046984,1
h0,43.9651,958.000246146652,1
h0,75.5861,959.000237252128,1
h0,108.953,960.000241363429,1
h0,144.136,961.000245480785,1
h0,181.166,962.000236604304,1
h0,220.062,963.000240734047,1
h0,259.799,964.000244866596,1
h0,299.555,965.000235999208,1
h0,339.38,966.000240132049,1
h0,379.189,967.000244264837,1
