h0,98.1833,901.000291327504,1
h0,112.809,902.00024337629,1
h0,127.148,903.000234424119,1
h0,141.416,904.000238471715,1
h0,155.383,905.000242518302,1
h0,166.957,906.000246556908,1
h0,175.407,907.000237585095,1
h0,180.806,908.000241603103,1
h0,184.623,909.000245615836,1
h0,189.607,910.000236632461,1
h0,194.767,911.000240649674,1
h0,198.709,912.000244662822,1
h0,203.813,913.000235679846,1
h0,209.906,914.00023970017,1
h0,216.845,915.000243723316,1
h0,224.738,916.000234749647,1
h0,234.447,917.00023878203,1
h0,246.103,918.000242820912,1
h0,259.666,919.000246866151,1
h0,274.347,920.000237915122,1
h0,289.239,921.000241964797,1
h0,304.199,922.0002460147,1
h0,319.38,923.000237065335,1
h0,334.69,924.000241116407,1
h0,350.006,925.000245167493,1
h0,365.374,926.000236218755,1
h0,380.768,927.000240270104,1
h0,396.195,928.000244321565,1
h0,395.998,964.000245320907,1
h0,392.983,965.000236310852,1
h0,390.031,966.000240301003,1
h0,387.068,967.000244291121,1
h0,384.108,968.000235281245,1
h0,381.219,969.000239271611,1
h0,378.272,970.000243261779,1
h0,375.324,971.000247251946,1
h0,372.34,972.000238241994,1
h0,369.383,973.000242232129,1
h0,366.423,974.000246222257,1
h0,363.49,975.000237212471,1
h0,360.551,976.00024120267,1
h0,357.63,977.000245192927,1
h0,354.685,978.0002361831,1
h0,351.596,979.000240172798,1
h0,349.289,980.000244165104,1
h0,348.806,981.000235163492,1
h0,349.896,982.000239167129,1
h0,352.37,983.000243175381,1
h0,355.345,984.000247185305,1
h0,356.637,985.000238189612,1
h0,356.174,986.000242188068,1
h0,355.314,987.000246185201,1
h0,354.418,988.00023718221,1
h0,353.393,989.000241178792,1
h0,352.417,990.000245175536,1
h0,351.382,991.000236172086,1
h0,350.409,992.000240168839,1
h0,349.379,993.000244165404,1
h0,348.342,994.000235161945,1
h0,347.345,995.000239158618,1
h0,346.015,996.000243154182,1
h0,343.833,997.000247146903,1
h0,341.546,998.000238139274,1
h0,339.252,999.000242131623,1
h0,336.804,1000.000246123457,1
h0,334.283,1001.000237115049,1
h0,331.734,1002.000241106547,1
h0,329.107,1003.000245097782,1
h0,326.393,1004.000236088728,1
h0,323.67,1005.000240079647,1
h0,321.009,1006.000244070769,1
h0,319.583,1007.000235066014,1
h0,319.974,1008.000239067319,1
