h0,412.741,959.000238376755,1
h0,390.481,960.000242302504,1
h0,369.307,961.000246231875,1
h0,348.92,962.000237163873,1
h0,327.744,963.000241093235,1
h0,305.273,964.000245018281,1
h0,281.325,965.0002359384,1
h0,255.754,966.000239853103,1
h0,228.805,967.000243763213,1
h0,202.664,968.000234676014,1
h0,177.723,969.00023859282,1
h0,153.805,970.000242513039,1
h0,130.771,971.000246436204,1
h0,108.616,972.000237362304,1
h0,87.1981,973.000241290862,1
h0,66.387,974.000245221443,1
h0,46.1364,975.000236153895,1
h0,26.645,976.000240088878,1
h0,8.96142,977.000244029892,1
h0,14.4651,978.00023504825,1
h0,32.6114,979.00023910878,1
h0,51.1378,980.000243170577,1
h0,69.6738,981.000234232407,1
h0,87.9831,982.00023829348,1
h0,106.278,983.000242354505,1
h0,124.485,984.000246415237,1
h0,142.671,985.0002374759,1
h0,160.794,986.000241536352,1
h0,178.876,987.000245596666,1
h0,196.926,988.000236656875,1
h0,214.964,989.000240717044,1
h0,232.942,990.000244777012,1
h0,250.947,991.000235837069,1
h0,268.9,992.000239896954,1
h0,286.877,993.000243956918,1
h0,304.854,994.000235016885,1
h0,322.767,995.000239076634,1
h0,340.71,996.000243136485,1
h0,358.659,997.000247196359,1
h0,377.501,998.000238259208,1
