h0,407.835,979.00024036039,1
h0,384.302,980.000244281893,1
h0,360.827,981.000235203591,1
h0,337.385,982.000239125396,1
h0,313.857,983.000243046913,1
h0,290.343,984.000246968478,1
h0,267.771,985.000237893187,1
h0,247.181,986.000241824506,1
h0,228.306,987.000245761545,1
h0,211.003,988.00023670383,1
h0,194.956,989.000240650305,1
h0,179.867,990.000244599971,1
h0,165.558,991.000235552243,1
h0,151.779,992.00023950628,1
h0,138.391,993.000243461624,1
h0,125.295,994.000234417938,1
h0,112.378,995.000238374854,1
h0,99.6101,996.000242332263,1
h0,86.8765,997.000246289789,1
h0,73.1595,998.000237244034,1
h0,57.9354,999.000241193252,1
h0,41.5268,1000.000245138519,1
h0,25.8405,1001.000236086195,1
h0,11.5529,1002.000240038536,1
h0,8.35636,1003.000244027874,1
h0,21.0693,1004.00023507028,1
h0,35.1786,1005.000239117343,1
h0,49.3811,1006.000243164717,1
h0,63.548,1007.000234211973,1
h0,77.7214,1008.000238259251,1
h0,91.8588,1009.000242306408,1
h0,105.957,1010.000246353436,1
h0,120.007,1011.000237400299,1
h0,134.073,1012.00024144722,1
h0,148.144,1013.000245494154,1
h0,162.201,1014.000236541044,1
h0,176.279,1015.000240588005,1
h0,190.353,1016.00024463495,1
h0,205.182,1017.000235684415,1
h0,221.888,1018.00023974014,1
h0,240.676,1019.000243802809,1
h0,261.498,1020.000234872264,1
h0,284.379,1021.000238948588,1
h0,309.328,1022.000243031808,1
h0,336.174,1023.000247121356,1
h0,364.855,1024.000238217026,1
