h0,407.708,981.000235359968,1
h0,390.426,982.000239302321,1
h0,372.809,983.000243243557,1
h0,353.432,984.000247178923,1
h0,332.036,985.000238107553,1
h0,309.887,986.00024203367,1
h0,287.529,987.000245959095,1
h0,264.919,988.000236883675,1
h0,242.198,989.000240807886,1
h0,219.375,990.000244731757,1
h0,196.48,991.000235655386,1
h0,172.335,992.000239574848,1
h0,145.58,993.000243485604,1
h0,116.286,994.00023438789,1
h0,84.6838,995.000238282475,1
h0,50.8862,996.000242169738,1
h0,14.9878,997.000246049994,1
h0,23.9226,998.000237079797,1
h0,63.7134,999.000241212525,1
h0,103.764,1000.000245346118,1
h0,143.968,1001.000236480225,1
h0,184.276,1002.000240614677,1
h0,224.5,1003.000244748851,1
h0,263.775,1004.000235879859,1
h0,302.098,1005.000240007692,1
h0,339.627,1006.000244132873,1
h0,376.425,1007.000235255618,1
