h0,117.378,911.000240391532,1
h0,131.106,912.000244437322,1
h0,141.099,913.000235470657,1
h0,147.743,914.000239492819,1
h0,151.074,915.000243503928,1
h0,151.372,916.000234504923,1
h0,149.016,917.000238497065,1
h0,144.026,918.000242480419,1
h0,136.563,919.000246455526,1
h0,126.729,920.000237422722,1
h0,114.592,921.000241382237,1
h0,102.051,922.000245340404,1
h0,89.1261,923.000236297293,1
h0,76.7424,924.000240255985,1
h0,66.4819,925.00024422176,1
h0,58.0712,926.000235193705,1
h0,51.3506,927.000239171287,1
h0,46.1011,928.000243153777,1
h0,42.0453,929.000234140248,1
h0,39.0057,930.000238130109,1
h0,36.7492,931.000242122582,1
h0,35.0966,932.00024611707,1
h0,33.9229,933.000237113154,1
h0,33.0832,934.000241110354,1
h0,32.4848,935.000245108358,1
h0,32.0736,936.000236106986,1
h0,31.8002,937.000240106074,1
h0,31.5819,938.000244105346,1
h0,31.455,939.000235104922,1
h0,31.3839,940.000239104686,1
h0,31.3048,941.000243104421,1
h0,31.2554,942.000234104257,1
h0,31.2236,943.000238104151,1
h0,31.2185,944.000242104134,1
h0,31.1859,945.000246104025,1
h0,31.1589,946.000237103935,1
h0,31.1555,947.000241103924,1
h0,31.1419,948.000245103878,1
h0,31.1335,949.00023610385,1
h0,31.6613,950.000240105611,1
h0,32.5593,951.000244108606,1
h0,34.4207,952.000235114815,1
h0,38.6194,953.00023912882,1
h0,45.3679,954.000243151331,1
h0,54.535,955.000234181909,1
h0,66.0651,956.000238220369,1
h0,79.9875,957.00024226681,1
h0,96.0246,958.000246320303,1
h0,113.393,959.000237378239,1
h0,130.197,960.000241434291,1
h0,146.461,961.00024548854,1
h0,162.262,962.000236541247,1
h0,177.588,963.000240592368,1
h0,192.49,964.000244642078,1
h0,207.058,965.00023569067,1
h0,221.275,966.000239738093,1
h0,235.25,967.00024378471,1
h0,249.013,968.000234830617,1
h0,262.53,969.000238875707,1
h0,274.631,970.000242916069,1
h0,284.66,971.000246949524,1
h0,292.742,972.000237976481,1
h0,298.864,973.000241996905,1
h0,302.811,974.00024601007,1
h0,304.513,975.000237015745,1
h0,304.2,976.000241014701,1
h0,301.742,977.000245006504,1
h0,296.91,978.000235990384,1
h0,291.342,979.000239971811,1
h0,287.243,980.000243958138,1
h0,284.657,981.000234949513,1
h0,284.248,982.00023894815,1
h0,285.443,983.000242952136,1
h0,288.21,984.000246961366,1
h0,293.694,985.000237979657,1
h0,300.37,986.000242001925,1
h0,307.793,987.000246026688,1
h0,315.075,988.000237050978,1
h0,322.075,989.000241074327,1
h0,328.771,990.000245096663,1
h0,335.188,991.000236118068,1
h0,341.4,992.000240138787,1
h0,347.349,993.00024415863,1
h0,353.125,994.0002351779,1
h0,358.678,995.000239196423,1
h0,363.997,996.000243214165,1
h0,368.579,997.000247229448,1
h0,372.102,998.000238241198,1
h0,374.438,999.000242248991,1
h0,376.064,1000.000246254414,1
h0,377.282,1001.000237258477,1
h0,378.016,1002.000241260926,1
h0,378.214,1003.000245261586,1
h0,378.031,1004.000236260977,1
h0,377.418,1005.000240258932,1
h0,375.817,1006.00024425359,1
h0,372.654,1007.000235243042,1
h0,368.318,1008.000239228576,1
h0,363.672,1009.000243213079,1
h0,358.812,1010.000247196866,1
h0,353.84,1011.000238180282,1
h0,348.889,1012.00024216377,1
h0,344.193,1013.000246148105,1
h0,339.846,1014.000237133604,1
h0,335.567,1015.000241119331,1
h0,331.44,1016.000245105564,1
h0,327.969,1017.000236093986,1
h0,325.625,1018.000240086167,1
h0,324.345,1019.000244081898,1
h0,324.416,1020.000235082135,1
h0,326.28,1021.000239088353,1
h0,330.355,1022.000243101944,1
h0,336.631,1023.000247122881,1
h0,345.241,1024.0002381516,1
