h0,389.559,948.000246299429,1
h0,352.115,949.000237174531,1
h0,314.749,950.00024104989,1
h0,277.5,951.00024492564,1
h0,240.276,952.000235801474,1
h0,201.72,953.000239672867,1
h0,161.329,954.000243538134,1
h0,118.978,955.000234396867,1
h0,74.7248,956.000238249255,1
h0,28.5286,957.000242095161,1
h0,20.0826,958.000246066988,1
h0,67.6286,959.000237225585,1
h0,112.904,960.000241376606,1
h0,155.94,961.00024552016,1
h0,196.934,962.0002366569,1
h0,236.114,963.000240787592,1
h0,273.762,964.00024491317,1
h0,310.066,965.00023603427,1
h0,345.247,966.000240151619,1
h0,379.479,967.000244265807,1
