h0,399.268,959.000238331815,1
h0,366.456,960.000242222367,1
h0,334.227,961.000246114861,1
h0,302.605,962.00023700938,1
h0,271.472,963.000240905533,1
h0,240.867,964.000244803444,1
h0,210.748,965.00023570298,1
h0,181.132,966.000239604191,1
h0,153.274,967.000243511266,1
h0,127.835,968.000234426413,1
h0,103.525,969.000238345321,1
h0,79.4032,970.00024226486,1
h0,56.5411,971.000246188601,1
h0,35.4013,972.000237118086,1
h0,16.0009,973.000241053373,1
h0,7.86146,974.000245026223,1
h0,26.0437,975.000236086873,1
h0,46.5464,976.000240155262,1
h0,67.7484,977.000244225984,1
h0,87.946,978.000235293356,1
h0,107.198,979.000239357575,1
h0,125.734,980.000243419404,1
h0,143.611,981.000234479034,1
h0,160.983,982.000238536983,1
h0,177.994,983.000242593725,1
h0,194.716,984.000246649503,1
h0,211.19,985.000237704454,1
h0,227.509,986.000241758889,1
h0,243.66,987.000245812761,1
h0,259.684,988.000236866212,1
h0,275.634,989.000240919414,1
h0,291.532,990.000244972447,1
h0,307.397,991.000236025366,1
h0,323.289,992.000240078376,1
h0,339.119,993.000244131179,1
h0,354.941,994.000235183957,1
h0,370.791,995.000239236827,1
