h0,389.553,960.00024229941,1
h0,361.798,961.000246206828,1
h0,335.124,962.000237117853,1
h0,309.384,963.000241031994,1
h0,284.474,964.000244948903,1
h0,260.329,965.000235868365,1
h0,236.805,966.000239789895,1
h0,213.803,967.000243713171,1
h0,191.266,968.000234637994,1
h0,168.053,969.000238560565,1
h0,143.105,970.000242477347,1
h0,116.305,971.000246387952,1
h0,87.7272,972.000237292627,1
h0,57.3083,973.00024119116,1
h0,25.1729,974.000245083968,1
h0,6.88976,975.000236022982,1
h0,35.1018,976.000240117087,1
h0,61.8452,977.000244206293,1
h0,86.7689,978.00023528943,1
h0,110.404,979.000239368269,1
h0,133.164,980.000243444187,1
h0,154.963,981.000234516901,1
h0,176.043,982.000238587218,1
h0,196.572,983.000242655695,1
h0,216.592,984.000246722474,1
h0,236.248,985.000237788039,1
h0,255.639,986.000241852721,1
h0,276.02,987.000245920703,1
h0,298.379,988.000236995286,1
h0,320.332,989.000241068514,1
h0,341.485,990.000245139071,1
h0,361.934,991.000236207281,1
