h0,398.458,949.000237329114,1
h0,368.37,950.000241228749,1
h0,339.004,951.000245130795,1
h0,310.229,952.000236034813,1
h0,281.712,953.000239939689,1
h0,253.209,954.000243844614,1
h0,225.044,955.000234750667,1
h0,196.529,956.00023865555,1
h0,166.575,957.000242555635,1
h0,136.695,958.000246455966,1
h0,107.741,959.000237359385,1
h0,79.6007,960.000241265519,1
h0,52.218,961.00024517418,1
h0,25.2814,962.00023608433,1
h0,7.75552,963.00024002587,1
h0,33.8248,964.000244112827,1
h0,62.8304,965.000235209579,1
h0,92.7226,966.000239309289,1
h0,123.218,967.00024341101,1
h0,153.004,968.000234510365,1
h0,182.241,969.000238607892,1
h0,210.854,970.000242703333,1
h0,238.903,971.000246796894,1
h0,266.42,972.00023788868,1
h0,293.477,973.000241978934,1
h0,320.063,974.000246067614,1
h0,346.247,975.000237154954,1
h0,372.134,976.000241241306,1
