h0,405.088,993.000244351228,1
h0,392.616,994.000235309627,1
h0,380.15,995.000239268045,1
h0,367.654,996.000243226362,1
h0,355.147,997.000247184643,1
h0,342.685,998.000238143074,1
h0,330.202,999.000242101435,1
h0,317.643,1000.000246059542,1
h0,305.192,1001.000237018011,1
h0,292.714,1002.000240976388,1
h0,280.207,1003.000244934671,1
h0,267.715,1004.000235893002,1
h0,255.2,1005.000239851255,1
h0,242.753,1006.000243809736,1
h0,230.277,1007.000234768121,1
h0,217.796,1008.000238726489,1
h0,205.32,1009.000242684873,1
h0,192.802,1010.000246643119,1
h0,180.331,1011.000237601519,1
h0,167.007,1012.000241557076,1
h0,152.43,1013.000245508451,1
h0,136.763,1014.000236456193,1
h0,118.704,1015.000240395954,1
h0,99.2578,1016.000244331088,1
h0,80.5213,1017.00023526859,1
h0,62.3871,1018.000239208101,1
h0,44.7368,1019.000243149226,1
h0,27.261,1020.000234090933,1
h0,9.80743,1021.000238032714,1
h0,14.0084,1022.000242046727,1
h0,32.431,1023.000246108178,1
h0,50.9917,1024.00023717009,1
h0,70.0461,1025.000241233649,1
h0,90.477,1026.000245301799,1
h0,110.636,1027.00023636904,1
h0,130.164,1028.00024043418,1
h0,149.103,1029.000244497354,1
h0,167.657,1030.000235559243,1
h0,186.158,1031.000239620957,1
h0,205.467,1032.000243685365,1
h0,225.175,1033.000234751102,1
h0,244.509,1034.000238815593,1
h0,263.483,1035.000242878884,1
h0,282.136,1036.000246941105,1
h0,300.454,1037.000238002206,1
h0,318.45,1038.000242062235,1
h0,336.251,1039.000246121614,1
h0,353.822,1040.000237180222,1
h0,371.268,1041.000241238418,1
