h0,406.101,965.000236354609,1
h0,382.271,966.000240275118,1
h0,358.572,967.000244196066,1
h0,335.016,968.000235117494,1
h0,311.568,969.000239039279,1
h0,288.216,970.000242961384,1
h0,264.9,971.000246883613,1
h0,241.482,972.000237805497,1
h0,217.979,973.0002417271,1
h0,194.372,974.000245648355,1
h0,170.653,975.000236569236,1
h0,146.842,976.000240489812,1
h0,122.972,977.000244410192,1
h0,99.1002,978.000235330563,1
h0,75.203,979.00023925085,1
h0,51.3572,980.000243171309,1
h0,27.7693,981.000234092629,1
h0,7.12894,982.00023802378,1
h0,21.6832,983.000242072327,1
h0,44.9468,984.000246149926,1
h0,68.4565,985.000237228346,1
h0,92.0712,986.000241307116,1
h0,115.727,987.000245386023,1
h0,139.47,988.000236465221,1
h0,163.365,989.000240544926,1
h0,187.295,990.000244624749,1
h0,211.321,991.000235704891,1
h0,235.415,992.000239785261,1
h0,259.542,993.00024386574,1
h0,283.702,994.000234946329,1
h0,307.894,995.000239027022,1
h0,331.986,996.000243107385,1
h0,356.272,997.000247188396,1
