h0,413.782,942.000235380229,1
h0,380.682,943.000239269818,1
h0,347.516,944.000243159187,1
h0,314.449,945.00024704889,1
h0,281.366,946.000237938535,1
h0,248.259,947.000241828103,1
h0,213.79,948.000245713127,1
h0,178.855,949.000236596596,1
h0,145.406,950.000240485023,1
h0,113.299,951.000244377923,1
h0,82.3521,952.000235274697,1
h0,52.38,953.000239174721,1
h0,23.4392,954.000243078185,1
h0,9.02439,955.000234030102,1
h0,35.4083,956.000238118109,1
h0,66.0772,957.00024222041,1
h0,98.6039,958.000246328907,1
h0,133.24,959.000237444442,1
h0,169.829,960.000241566488,1
h0,208.366,961.000245695034,1
h0,248.996,962.00023683056,1
h0,291.798,963.000240973334,1
h0,336.431,964.000245122214,1
