h0,415.206,950.000241384977,1
h0,373.335,951.000245245313,1
h0,329.699,952.000236099757,1
h0,285.752,953.000239953167,1
h0,241.648,954.00024380605,1
h0,197.522,955.000234658864,1
h0,153.333,956.000238511464,1
h0,109.059,957.000242363783,1
h0,64.7147,958.000246215865,1
h0,20.4438,959.000237068193,1
h0,24.5138,960.000241081769,1
h0,68.9354,961.000245229944,1
h0,113.537,962.00023637872,1
h0,158.135,963.000240527481,1
h0,202.863,964.000244676679,1
h0,247.584,965.000235825853,1
h0,292.388,966.000239975301,1
h0,337.234,967.000244124893,1
