h0,407.244,968.00024335842,1
h0,393.488,969.000247312535,1
h0,379.827,970.000238266968,1
h0,366.271,971.000242221747,1
h0,352.774,972.000246176726,1
h0,339.314,973.000237131829,1
h0,325.878,974.000241087011,1
h0,312.477,975.000245042312,1
h0,299.085,976.00023599764,1
h0,285.707,977.000239953015,1
h0,272.329,978.000243908391,1
h0,258.946,979.00023486375,1
h0,245.563,980.000238819111,1
h0,232.183,981.00024277448,1
h0,218.894,982.000246730153,1
h0,205.517,983.00023768553,1
h0,192.124,984.000241640858,1
h0,178.746,985.000245596234,1
h0,165.368,986.000236551607,1
h0,151.996,987.000240507004,1
h0,138.637,988.000244462442,1
h0,125.269,989.000235417851,1
h0,111.922,990.000239373331,1
h0,98.5713,991.000243328798,1
h0,85.2367,992.000234284319,1
h0,71.9061,993.000238239853,1
h0,58.5889,994.000242195431,1
h0,45.3069,995.000246151128,1
h0,32.1066,996.000237107096,1
h0,19.158,997.000241063904,1
h0,7.91879,998.000245026414,1
h0,10.8112,999.000236036062,1
h0,22.9982,1000.000240076714,1
h0,36.046,1001.000244120237,1
h0,49.2798,1002.00023516438,1
h0,62.5703,1003.000239208712,1
h0,76.2564,1004.000243254364,1
h0,90.8283,1005.000234302971,1
h0,105.898,1006.000238353236,1
h0,120.93,1007.000242403378,1
h0,135.799,1008.000246452978,1
h0,150.569,1009.000237502243,1
h0,165.096,1010.0002415507,1
h0,179.477,1011.00024559867,1
h0,193.666,1012.000236646002,1
h0,207.716,1013.000240692867,1
h0,221.724,1014.000244739593,1
h0,235.942,1015.000235787018,1
h0,250.31,1016.000239834943,1
h0,264.911,1017.000243883648,1
h0,279.593,1018.000234932623,1
h0,294.291,1019.000238981648,1
h0,308.922,1020.000243030453,1
h0,323.522,1021.000247079153,1
h0,338.026,1022.000238127534,1
h0,352.409,1023.000242175511,1
h0,366.677,1024.000246223103,1
