h0,405.97,987.000246354171,1
h0,388.321,988.0002372953,1
h0,370.581,989.000241236124,1
h0,352.893,990.000245177126,1
h0,335.187,991.000236118064,1
h0,317.471,992.00024005897,1
h0,299.791,993.000243999994,1
h0,282.107,994.000234941009,1
h0,264.441,995.000238882082,1
h0,246.722,996.000242822975,1
h0,229.039,997.000246763992,1
h0,211.374,998.000237705068,1
h0,193.734,999.000241646228,1
h0,176.062,1000.000245587281,1
h0,158.392,1001.000236528339,1
h0,140.771,1002.00024046956,1
h0,123.047,1003.000244410439,1
h0,105.388,1004.000235351536,1
h0,87.7638,1005.000239292749,1
h0,68.9123,1006.000243229867,1
h0,48.5342,1007.000234161893,1
h0,27.4334,1008.000238091508,1
h0,7.9659,1009.000242026571,1
h0,18.6647,1010.000246062259,1
h0,40.517,1011.00023713515,1
h0,62.961,1012.000241210015,1
h0,85.6061,1013.000245285551,1
h0,110.154,1014.000236367433,1
h0,136.156,1015.000240454167,1
h0,162.776,1016.000244542964,1
h0,189.97,1017.000235633671,1
h0,217.523,1018.000239725578,1
h0,245.377,1019.00024381849,1
h0,273.454,1020.000234912145,1
h0,301.728,1021.000239006456,1
h0,330.163,1022.000243101305,1
h0,358.706,1023.000247196515,1
