h0,412.858,961.000246377145,1
h0,384.18,962.000237281486,1
h0,356.035,963.000241187605,1
h0,328.346,964.000245095244,1
h0,300.997,965.000236004018,1
h0,273.947,966.000239913788,1
h0,247.1,967.000243824237,1
h0,220.133,968.000234734286,1
h0,192.169,969.000238641005,1
h0,163.079,970.000242543972,1
h0,132.678,971.000246442565,1
h0,101.284,972.000237337847,1
h0,70.3669,973.000241234719,1
h0,40.1027,974.000245133768,1
h0,10.0605,975.000236033558,1
h0,22.1577,976.00024007391,1
h0,54.6085,977.000244182154,1
h0,88.7224,978.000235295946,1
h0,124.312,979.000239414661,1
h0,161.426,980.000243538459,1
h0,200.132,981.00023466757,1
h0,240.12,982.000238800954,1
h0,280.116,983.000242934367,1
h0,320.27,984.000247068307,1
h0,360.972,985.000238204074,1
