h0,407.572,938.000245359515,1
h0,368.963,939.000236230727,1
h0,329.702,940.000240099769,1
h0,291.102,941.000243971012,1
h0,253.443,942.000234845394,1
h0,216.505,943.000238722184,1
h0,180.265,944.000242601301,1
h0,144.68,945.000246482601,1
h0,109.521,946.000237365324,1
h0,74.5596,947.000241248704,1
h0,39.9267,948.000245133181,1
h0,6.20485,949.000236020697,1
h0,29.1735,950.000240097312,1
h0,63.2511,951.000244210983,1
h0,97.2679,952.000235324451,1
h0,131.236,953.000239437756,1
h0,165.154,954.000243550893,1
h0,198.96,955.00023466366,1
h0,232.526,956.000238775623,1
h0,265.841,957.000242886751,1
h0,298.896,958.000246997011,1
h0,331.758,959.000238106624,1
h0,364.389,960.00024221547,1
