h0,391.94,961.00024630737,1
h0,358.594,962.000237196139,1
h0,325.444,963.000241085563,1
h0,292.576,964.000244975929,1
h0,261.176,965.000235871191,1
h0,231.417,966.000239771926,1
h0,203.141,967.000243677607,1
h0,176.277,968.000234587995,1
h0,150.709,969.000238502712,1
h0,126.365,970.000242421507,1
h0,103.099,971.0002463439,1
h0,80.7657,972.000237269405,1
h0,59.3465,973.000241197958,1
h0,38.7589,974.000245129286,1
h0,18.8722,975.000236062951,1
h0,7.09526,976.000240023667,1
h0,25.5419,977.000244085199,1
h0,46.8684,978.000235156336,1
h0,68.2268,979.00023922758,1
h0,89.3975,980.000243298198,1
h0,110.394,981.000234368234,1
h0,131.239,982.000238437767,1
h0,151.925,983.000242506766,1
h0,172.608,984.000246575759,1
h0,193.641,985.000237645918,1
h0,214.934,986.000241716944,1
h0,236.479,987.00024578881,1
h0,258.117,988.000236860985,1
h0,279.882,989.000240933584,1
h0,301.728,990.000245006457,1
h0,323.647,991.000236079572,1
h0,345.662,992.000240153004,1
h0,367.789,993.000244226813,1
