h0,386.272,940.000240288464,1
h0,344.58,941.000244149394,1
h0,302.958,942.000235010558,1
h0,261.507,943.000238872294,1
h0,220.427,944.000242735264,1
h0,180.138,945.000246600875,1
h0,140.822,946.000237469731,1
h0,102.532,947.00024134201,1
h0,65.2515,948.000245217655,1
h0,28.869,949.000236096296,1
h0,7.94671,950.000240026507,1
h0,44.3056,951.000244147788,1
h0,82.5175,952.000235275249,1
h0,121.598,953.000239405606,1
h0,160.5,954.00024353537,1
h0,199.186,955.000234664413,1
h0,237.772,956.000238793121,1
h0,276.163,957.000242921181,1
h0,314.484,958.000247049007,1
h0,353.473,959.000238179061,1
