h0,410.84,961.000246370414,1
h0,386.97,962.000237290794,1
h0,363.08,963.000241211104,1
h0,339.204,964.000245131462,1
h0,315.324,965.000236051806,1
h0,291.44,966.000239972138,1
h0,267.534,967.000243892396,1
h0,243.647,968.000234812717,1
h0,219.677,969.000238732762,1
h0,195.782,970.000242653059,1
h0,171.906,971.000246573418,1
h0,148.021,972.000237493744,1
h0,124.139,973.000241414084,1
h0,100.273,974.000245334474,1
h0,76.4352,975.000236254961,1
h0,52.6336,976.000240175567,1
h0,29.0403,977.000244096868,1
h0,7.78846,978.00023502598,1
h0,20.486,979.000239068334,1
h0,43.8623,980.000243146309,1
h0,67.6014,981.000234225494,1
h0,91.4229,982.000238304954,1
h0,115.264,983.000242384479,1
h0,139.147,984.000246464146,1
h0,163.03,985.000237543809,1
h0,186.928,986.000241623526,1
h0,210.825,987.000245703238,1
h0,234.6,988.000236782541,1
h0,258.465,989.000240862146,1
h0,282.365,990.000244941869,1
h0,306.306,991.000236021728,1
h0,330.202,992.000240101436,1
h0,354.094,993.000244181129,1
h0,377.985,994.000235260824,1
