h0,408.818,1001.00023736367,1
h0,396.025,1002.000241320997,1
h0,383.327,1003.000245278641,1
h0,370.651,1004.000236236357,1
h0,358.07,1005.000240194394,1
h0,345.462,1006.000244152338,1
h0,332.889,1007.0002351104,1
h0,320.317,1008.000239068462,1
h0,307.727,1009.000243026466,1
h0,295.131,1010.00024698445,1
h0,282.559,1011.000237942516,1
h0,270.016,1012.000241900676,1
h0,257.451,1013.000245858763,1
h0,244.87,1014.000236816799,1
h0,232.29,1015.000240774837,1
h0,219.733,1016.000244732949,1
h0,207.202,1017.000235691153,1
h0,194.655,1018.0002396493,1
h0,182.134,1019.000243607534,1
h0,169.604,1020.000234565739,1
h0,157.071,1021.000238523933,1
h0,144.558,1022.000242482194,1
h0,132.033,1023.000246440413,1
h0,119.475,1024.000237398525,1
h0,106.956,1025.000241356768,1
h0,94.4249,1026.000245314968,1
h0,81.923,1027.000236273266,1
h0,69.3946,1028.000240231475,1
h0,56.8939,1029.000244189778,1
h0,44.4473,1030.00023514826,1
h0,32.0914,1031.000239107045,1
h0,19.9415,1032.000243066518,1
h0,8.99226,1033.000234029995,1
h0,8.93346,1034.000238029799,1
h0,19.8718,1035.000242066285,1
h0,32.0514,1036.000246106912,1
h0,44.4728,1037.000237148345,1
h0,56.9458,1038.000241189951,1
h0,69.4867,1039.000245231783,1
h0,82.1009,1040.000236273859,1
h0,94.7142,1041.000240315932,1
h0,107.381,1042.000244358185,1
h0,120.137,1043.000235400735,1
h0,132.931,1044.00023944341,1
h0,145.816,1045.00024348639,1
h0,158.799,1046.000234529695,1
h0,171.811,1047.0002385731,1
h0,184.947,1048.000242616916,1
h0,198.15,1049.000246660957,1
h0,211.511,1050.000237705526,1
h0,224.98,1051.000241750453,1
h0,238.565,1052.000245795767,1
h0,252.219,1053.000236841311,1
h0,266.055,1054.000240887466,1
h0,280.066,1055.000244934201,1
h0,294.193,1056.000235981323,1
h0,308.481,1057.000240028983,1
h0,322.936,1058.000244077198,1
h0,337.55,1059.000235125945,1
h0,352.272,1060.000239175053,1
h0,367.157,1061.000243224703,1
