h0,404.985,993.000244350885,1
h0,384.025,994.000235280968,1
h0,363.139,995.000239211301,1
h0,342.278,996.000243141716,1
h0,320.783,997.000247070016,1
h0,297.37,998.000237991918,1
h0,272.124,999.000241907707,1
h0,244.881,1000.000245816836,1
h0,215.651,1001.000236719333,1
h0,186.056,1002.000240620615,1
h0,157.867,1003.000244526588,1
h0,130.772,1004.000235436208,1
h0,104.588,1005.000239348868,1
h0,79.2617,1006.000243264388,1
h0,54.7961,1007.00023418278,1
h0,31.1581,1008.000238103932,1
h0,9.46063,1009.000242031557,1
h0,17.4328,1010.00024605815,1
h0,39.5537,1011.000237131937,1
h0,61.957,1012.000241206666,1
h0,84.1503,1013.000245280695,1
h0,106.239,1014.000236354374,1
h0,128.166,1015.000240427516,1
h0,149.982,1016.000244500286,1
h0,171.743,1017.000235572872,1
h0,193.407,1018.000239645136,1
h0,215.031,1019.000243717267,1
h0,236.543,1020.000234789023,1
h0,257.906,1021.000238860282,1
h0,278.9,1022.000242930311,1
h0,299.783,1023.000246999967,1
h0,320.718,1024.0002380698,1
h0,341.861,1025.000242140324,1
h0,363.098,1026.000246211164,1
