h0,412.943,971.000247377429,1
h0,387.75,972.000238293396,1
h0,362.987,973.000242210794,1
h0,338.615,974.000246129498,1
h0,314.583,975.000237049334,1
h0,290.473,976.000240968914,1
h0,265.102,977.000244884284,1
h0,238.607,978.000235795909,1
h0,211.682,979.000239706095,1
h0,183.901,980.000243613428,1
h0,155.053,981.000234517201,1
h0,124.957,982.000238416811,1
h0,93.6087,983.000242312245,1
h0,60.6166,984.000246202195,1
h0,25.8683,985.000237086287,1
h0,11.3865,986.000241037981,1
h0,48.2654,987.000245160996,1
h0,85.5018,988.000236285203,1
h0,122.749,989.000240409446,1
h0,160.014,990.000244533748,1
h0,197.32,991.000235658189,1
h0,234.633,992.00023978265,1
h0,271.938,993.000243907086,1
h0,309.267,994.000235031605,1
h0,346.568,995.000239156026,1
