h0,415.221,959.00023838503,1
h0,376.386,960.00024225549,1
h0,338.441,961.000246128916,1
h0,301.979,962.000237007293,1
h0,267.139,963.00024089108,1
h0,233.669,964.000244779434,1
h0,201.481,965.000235672067,1
h0,170.414,966.000239568441,1
h0,140.269,967.000243467887,1
h0,110.894,968.000234369902,1
h0,82.1422,969.000238273997,1
h0,53.445,970.000242178273,1
h0,22.8704,971.000246076288,1
h0,10.6523,972.000237035532,1
h0,45.3068,973.000241151127,1
h0,81.8093,974.000245272887,1
h0,119.334,975.000236398055,1
h0,157.977,976.000240526954,1
h0,197.961,977.000244660326,1
h0,239.187,978.000235797841,1
h0,280.854,979.000239936829,1
h0,320.409,980.00024406877,1
h0,357.983,981.000235194102,1
