h0,389.79,939.0002363002,1
h0,351.487,940.000240172436,1
h0,313.853,941.000244046902,1
h0,276.805,942.00023492332,1
h0,239.977,943.000238800479,1
h0,202.727,944.000242676225,1
h0,165.022,945.000246550455,1
h0,127.581,946.000237425563,1
h0,90.431,947.000241301645,1
h0,53.5849,948.00024517874,1
h0,17.1412,949.000236057177,1
h0,19.876,950.000240066299,1
h0,55.8778,951.000244186388,1
h0,91.7953,952.000235306196,1
h0,127.599,953.000239425625,1
h0,163.33,954.000243544809,1
h0,200.274,955.000234668041,1
h0,238.575,956.000238795801,1
h0,276.518,957.000242922365,1
h0,314.024,958.000247047471,1
h0,351.306,959.000238171831,1
