h0,401.742,954.000244340067,1
h0,372.66,955.000235243061,1
h0,343.21,956.000239144824,1
h0,313.693,957.000243046367,1
h0,284.178,958.000246947914,1
h0,254.621,959.000237849326,1
h0,225.02,960.000241750585,1
h0,195.378,961.00024565171,1
h0,165.709,962.000236552745,1
h0,136.049,963.000240453812,1
h0,106.398,964.000244354906,1
h0,76.7422,965.000235255984,1
h0,47.0833,966.000239157053,1
h0,17.5688,967.000243058603,1
h0,12.8244,968.000234042778,1
h0,42.2796,969.00023814103,1
h0,71.9467,970.000242239988,1
h0,101.632,971.000246339009,1
h0,131.357,972.000237438158,1
h0,161.086,973.000241537326,1
h0,190.814,974.000245636487,1
h0,220.564,975.000236735723,1
h0,250.303,976.00024083492,1
h0,279.955,977.00024493383,1
h0,309.693,978.000236033024,1
h0,340.743,979.000240136595,1
h0,371.493,980.000244239168,1
