h0,36.4448,906.000246121567,1
h0,46.9658,907.000237156661,1
h0,57.4766,908.000241191721,1
h0,67.9057,909.000245226509,1
h0,77.2819,910.000236257785,1
h0,83.9304,911.000240279962,1
h0,87.9161,912.000244293256,1
h0,89.7671,913.000235299431,1
h0,89.5294,914.000239298638,1
h0,87.4222,915.000243291609,1
h0,83.6069,916.000234278883,1
h0,80.0476,917.00023826701,1
h0,77.4489,918.000242258342,1
h0,75.78,919.000246252775,1
h0,74.9468,920.000237249996,1
h0,73.5557,921.000241245355,1
h0,71.0838,922.00024523711,1
h0,67.7746,923.000236226072,1
h0,63.7797,924.000240212746,1
h0,59.3476,925.000244197962,1
h0,54.4419,926.000235181599,1
h0,49.2545,927.000239164295,1
h0,43.8685,928.00024314633,1
h0,38.3683,929.000234127983,1
h0,32.7758,930.000238109328,1
h0,27.1155,931.000242090448,1
h0,21.4462,932.000246071537,1
h0,15.8439,933.00023705285,1
h0,10.3053,934.000241034375,1
h0,5.21293,935.000245017388,1
h0,3.57767,936.000236011934,1
h0,7.99758,937.000240026677,1
h0,14.1089,938.000244047062,1
h0,21.9051,939.000235073068,1
h0,30.0924,940.000239100377,1
h0,37.8912,941.000243126392,1
h0,45.4964,942.00023415176,1
h0,52.874,943.000238176369,1
h0,60.015,944.000242200188,1
h0,66.912,945.000246223194,1
h0,73.7183,946.000237245898,1
h0,80.2685,947.000241267747,1
h0,86.6695,948.000245289098,1
h0,92.9596,949.00023631008,1
h0,99.1301,950.000240330662,1
h0,105.192,951.000244350883,1
h0,111.211,952.00023537096,1
h0,117.154,953.000239390783,1
h0,123.023,954.000243410362,1
h0,128.876,955.000234429886,1
h0,134.666,956.000238449197,1
h0,140.433,957.000242468433,1
h0,146.139,958.000246487467,1
h0,151.89,959.000237506652,1
h0,157.593,960.000241525675,1
h0,163.297,961.0002455447,1
h0,168.924,962.00023656347,1
h0,174.553,963.000240582247,1
h0,180.195,964.000244601066,1
h0,185.879,965.000235620026,1
h0,191.533,966.000239638886,1
h0,197.127,967.000243657545,1
h0,202.751,968.000234676305,1
h0,208.381,969.000238695083,1
h0,213.984,970.000242713773,1
h0,219.58,971.000246732441,1
h0,225.209,972.000237751217,1
h0,230.831,973.00024176997,1
h0,236.438,974.000245788671,1
h0,242.057,975.000236807416,1
h0,247.709,976.000240826267,1
h0,253.351,977.000244845087,1
h0,258.953,978.000235863774,1
h0,264.571,979.000239882513,1
h0,270.2,980.000243901292,1
h0,275.807,981.000234919992,1
h0,281.419,982.000238938713,1
h0,287.026,983.000242957416,1
h0,292.602,984.000246976015,1
h0,298.207,985.00023799471,1
h0,303.833,986.000242013478,1
h0,309.422,987.000246032122,1
h0,314.998,988.00023705072,1
h0,320.616,989.000241069459,1
h0,326.224,990.000245088165,1
h0,331.865,991.000236106984,1
h0,337.444,992.000240125592,1
h0,343.033,993.000244144235,1
h0,349.103,994.000235164483,1
h0,356.437,995.000239188946,1
h0,365.093,996.00024321782,1
h0,374.095,997.000247247848,1
h0,383.301,998.000238278554,1
h0,392.642,999.000242309714,1
