h0,402.743,961.000246343407,1
h0,370.828,962.00023723695,1
h0,339.103,963.000241131125,1
h0,307.94,964.000245027176,1
h0,276.661,965.000235922841,1
h0,244.198,966.000239814556,1
h0,210.348,967.000243701644,1
h0,174.901,968.000234583407,1
h0,138.745,969.000238462805,1
h0,102.6,970.000242342238,1
h0,66.539,971.00024622195,1
h0,30.784,972.000237102684,1
h0,8.76931,973.000241029251,1
h0,42.5512,974.000245141936,1
h0,78.4018,975.00023626152,1
h0,114.364,976.000240381476,1
h0,150.342,977.000244501488,1
h0,186.238,978.000235621224,1
h0,221.214,979.00023973789,1
h0,254.956,980.000243850441,1
h0,287.55,981.000234959163,1
h0,319.397,982.000239065394,1
h0,350.69,983.000243169777,1
