h0,381.487,947.000242272503,1
h0,342.918,948.000246143851,1
h0,306.251,949.000237021543,1
h0,271.043,950.000240904103,1
h0,237.38,951.000244791814,1
h0,205.044,952.000235683954,1
h0,173.161,953.000239577603,1
h0,142.394,954.000243474975,1
h0,112.78,955.000234376194,1
h0,84.2627,956.00023828107,1
h0,56.7247,957.000242189213,1
h0,30.0141,958.000246100116,1
h0,3.74617,959.000237012496,1
h0,26.9885,960.000241090024,1
h0,54.2599,961.000245180991,1
h0,80.3964,962.000236268173,1
h0,105.333,963.000240351353,1
h0,129.267,964.00024443119,1
h0,152.419,965.000235508415,1
h0,174.819,966.000239583134,1
h0,196.57,967.000243655686,1
h0,217.863,968.000234726714,1
h0,238.737,969.000238796341,1
h0,259.284,970.000242864877,1
h0,279.567,971.000246932534,1
h0,299.682,972.000237999633,1
h0,319.553,973.000242065913,1
h0,339.32,974.000246131851,1
h0,358.966,975.000237197382,1
h0,378.53,976.00024126264,1
