h0,411.05,948.000246371115,1
h0,378.474,949.000237262454,1
h0,345.944,950.000241153945,1
h0,313.395,951.000245045374,1
h0,280.861,952.000235936853,1
h0,248.328,953.000239828332,1
h0,215.825,954.000243719916,1
h0,183.15,955.000234610924,1
h0,149.045,956.000238497159,1
h0,113.123,957.000242377338,1
h0,76.3482,958.00024625467,1
h0,39.4596,959.000237131623,1
h0,3.97401,960.000241013256,1
h0,34.5355,961.000245115198,1
h0,70.58,962.000236235429,1
h0,106.143,963.000240354054,1
h0,142.05,964.000244473827,1
h0,177.918,965.000235593469,1
h0,213.118,966.000239710885,1
h0,247.723,967.000243826314,1
h0,282.004,968.000234940664,1
h0,316.306,969.000239055082,1
h0,350.76,970.000243170011,1
