h0,407.088,971.0002383579,1
h0,380.163,972.000242268086,1
h0,353.834,973.000246180263,1
h0,327.994,974.000237094069,1
h0,302.506,975.000241009051,1
h0,277.303,976.000244924984,1
h0,252.279,977.000235841513,1
h0,227.406,978.000239758544,1
h0,202.646,979.000243675953,1
h0,177.952,980.000234593584,1
h0,153.279,981.000238511284,1
h0,128.738,982.000242429423,1
h0,104.685,983.00024634919,1
h0,81.1017,984.000237270526,1
h0,58.0307,985.00024119357,1
h0,35.4558,986.000245118268,1
h0,13.9693,987.000236046597,1
h0,11.638,988.00024003882,1
h0,32.268,989.000244107635,1
h0,53.6587,990.000235178986,1
h0,75.0304,991.000239250275,1
h0,96.29,992.000243321189,1
h0,117.422,993.000234391678,1
h0,138.432,994.000238461759,1
h0,159.36,995.000242531569,1
h0,180.182,996.000246601022,1
h0,200.941,997.000237670268,1
h0,221.687,998.000241739468,1
h0,242.322,999.0002458083,1
h0,262.939,1000.000236877071,1
h0,283.537,1001.000240945777,1
h0,304.094,1002.000245014349,1
h0,324.616,1003.000236082803,1
h0,345.149,1004.000240151292,1
h0,365.679,1005.000244219775,1
