h0,403.901,955.000235347267,1
h0,368.579,956.000239229448,1
h0,334.294,957.000243115085,1
h0,300.963,958.000247003903,1
h0,268.128,959.00023789438,1
h0,233.959,960.000241780403,1
h0,198.541,961.000245662263,1
h0,163.377,962.000236544967,1
h0,128.611,963.000240429,1
h0,95.4307,964.000244318322,1
h0,64.1547,965.000235213997,1
h0,34.5459,966.000239115233,1
h0,8.3596,967.000243027885,1
h0,23.055,968.000234076903,1
h0,49.2309,969.000238164216,1
h0,75.1587,970.000242250702,1
h0,100.622,971.000246335638,1
h0,125.706,972.000237419311,1
h0,150.509,973.000241502045,1
h0,175.098,974.000245584064,1
h0,199.497,975.000236665449,1
h0,223.763,976.000240746392,1
h0,247.891,977.000244826877,1
h0,271.963,978.000235907171,1
h0,295.943,979.000239987161,1
h0,319.856,980.000244066925,1
h0,343.683,981.000235146405,1
h0,367.393,982.000239225491,1
