h0,399.148,946.000238331415,1
h0,361.432,947.000242205607,1
h0,324.265,948.000246081631,1
h0,287.369,949.00023695856,1
h0,250.687,950.000240836201,1
h0,214.249,951.000244714659,1
h0,178.21,952.000235594444,1
h0,142.632,953.00023947577,1
h0,107.498,954.000243358575,1
h0,72.7317,955.000234242607,1
h0,38.2687,956.000238127651,1
h0,5.04807,957.000242016839,1
h0,30.7655,958.000246102623,1
h0,66.0473,959.00023722031,1
h0,101.421,960.000241338303,1
h0,136.508,961.00024545534,1
h0,171.229,962.00023657116,1
h0,205.633,963.000240685918,1
h0,239.697,964.000244799544,1
h0,273.423,965.000235912039,1
h0,306.705,966.000240023057,1
h0,339.648,967.000244132943,1
h0,372.181,968.000235241461,1
