h0,94.2892,901.000291314515,1
h0,111.508,902.00024337195,1
h0,128.693,903.000234429275,1
h0,145.504,904.000238485348,1
h0,159.558,905.000242532229,1
h0,171.165,906.000246570946,1
h0,181.223,907.000237604496,1
h0,189.861,908.000241633308,1
h0,196.337,909.000245654911,1
h0,200.565,910.000236669014,1
h0,204.086,911.000240680758,1
h0,209.494,912.000244698796,1
h0,216.347,913.000235721657,1
h0,221.909,914.00023974021,1
h0,225.321,915.000243751591,1
h0,227.4,916.000234758524,1
h0,229.002,917.000238763867,1
h0,230.233,918.000242767975,1
h0,231.083,919.00024677081,1
h0,231.781,920.000237773139,1
h0,232.281,921.000241774806,1
h0,232.569,922.000245775766,1
h0,232.702,923.00023677621,1
h0,232.764,924.000240776418,1
h0,232.733,925.000244776313,1
h0,232.564,926.000235775749,1
h0,232.357,927.00023977506,1
h0,232.101,928.000243774207,1
h0,231.769,929.000234773097,1
h0,231.462,930.000238772074,1
h0,231.061,931.000242770737,1
h0,230.653,932.000246769374,1
h0,230.234,933.000237767977,1
h0,230.685,934.000241769481,1
h0,233.025,935.000245777286,1
h0,237.243,936.000236791359,1
h0,243.53,937.000240812327,1
h0,250.89,938.000244836878,1
h0,257.741,939.000235859731,1
h0,262.42,940.000239875337,1
h0,264.948,941.00024388377,1
h0,265.638,942.000234886072,1
h0,267.493,943.000238892259,1
h0,271.316,944.000242905013,1
h0,277.086,945.00024692426,1
h0,284.319,946.000237948385,1
h0,291.67,947.000241972907,1
h0,299.017,948.000245997415,1
h0,306.36,949.000237021907,1
h0,313.702,950.000241046396,1
h0,321,951.00024507074,1
h0,328.334,952.000236095203,1
h0,335.681,953.000240119712,1
h0,343.233,954.000244144903,1
h0,351.055,955.000235170992,1
h0,359.056,956.000239197681,1
h0,367.188,957.000243224806,1
h0,375.512,958.000247252572,1
h0,383.914,959.000238280598,1
h0,392.33,960.000242308673,1
