h0,410.119,945.000247368009,1
h0,371.357,946.000238238713,1
h0,332.681,947.000242109705,1
h0,294.104,948.000245981027,1
h0,255.591,949.000236852559,1
h0,217.101,950.00024072417,1
h0,178.689,951.000244596041,1
h0,140.35,952.000235468159,1
h0,102.029,953.000239340331,1
h0,63.7284,954.000243212575,1
h0,25.5207,955.000234085128,1
h0,13.3426,956.000238044506,1
h0,51.2703,957.000242171019,1
h0,89.5025,958.000246298548,1
h0,127.763,959.00023742617,1
h0,166.015,960.000241553766,1
h0,204.24,961.00024568127,1
h0,242.479,962.000236808822,1
h0,280.692,963.000240936289,1
h0,318.914,964.000245063781,1
h0,357.123,965.000236191234,1
