h0,398.2,950.000241328253,1
h0,373.926,951.000245247284,1
h0,349.671,952.000236166378,1
h0,325.384,953.000240085365,1
h0,301.137,954.000244004484,1
h0,276.901,955.000234923641,1
h0,252.665,956.0002388428,1
h0,228.503,957.000242762204,1
h0,204.296,958.000246681458,1
h0,180.097,959.000237600738,1
h0,155.918,960.000241520086,1
h0,131.716,961.000245439359,1
h0,107.554,962.000236358761,1
h0,83.4097,963.000240278225,1
h0,59.2218,964.000244197543,1
h0,35.116,965.000235117134,1
h0,11.2169,966.000239037415,1
h0,13.8041,967.000243046046,1
h0,37.7369,968.000234125877,1
h0,61.9306,969.000238206578,1
h0,86.0899,970.000242287165,1
h0,110.266,971.000246367808,1
h0,134.479,972.000237448573,1
h0,158.659,973.000241529229,1
h0,182.864,974.00024560997,1
h0,207.021,975.000236690546,1
h0,231.203,976.00024077121,1
h0,255.425,977.000244852005,1
h0,279.633,978.000235932757,1
h0,303.825,979.000240013452,1
h0,329.166,980.00024409798,1
h0,356.046,981.000235187642,1
