h0,390.27,953.000240301802,1
h0,348.401,954.00024416214,1
h0,302.976,955.000235010619,1
h0,256.711,956.000238856296,1
h0,211.119,957.000242704216,1
h0,167.521,958.000246558789,1
h0,125.811,959.00023741966,1
h0,85.8508,960.000241286367,1
h0,47.5017,961.000245158449,1
h0,11.0039,962.000236036705,1
h0,25.5687,963.000240085288,1
h0,61.1608,964.000244204011,1
h0,97.1645,965.000235324106,1
h0,133.242,966.000239444447,1
h0,168.96,967.00024356359,1
h0,204.175,968.000234681054,1
h0,238.107,969.00023879424,1
h0,270.853,970.000242903467,1
h0,302.6,971.000247009364,1
h0,333.449,972.000238112268,1
h0,363.492,973.00024221248,1
