h0,412.656,951.000245376474,1
h0,376.43,952.000236255634,1
h0,339.967,953.000240134007,1
h0,303.301,954.000244011703,1
h0,266.424,955.000234888694,1
h0,229.435,956.000238765314,1
h0,192.438,957.000242641903,1
h0,155.682,958.000246519298,1
h0,119.174,959.00023739752,1
h0,82.9365,960.000241276646,1
h0,46.8577,961.0002451563,1
h0,11.3223,962.000236037767,1
h0,25.0901,963.000240083692,1
h0,60.5751,964.000244202057,1
h0,96.014,965.000235320268,1
h0,131.317,966.000239438027,1
h0,166.513,967.000243555428,1
h0,201.601,968.000234672468,1
h0,236.807,969.000238789905,1
h0,273.293,970.000242911607,1
h0,311.834,971.000247040165,1
h0,352.721,972.000238176551,1
