h0,403.54,951.000245346065,1
h0,374.249,952.000236248361,1
h0,344.102,953.000240147801,1
h0,314.25,954.000244048225,1
h0,285.012,955.000234950697,1
h0,256.156,956.000238854446,1
h0,227.684,957.000242759474,1
h0,199.589,958.000246665756,1
h0,171.818,959.000237573123,1
h0,144.361,960.000241481537,1
h0,117.128,961.000245390698,1
h0,89.403,962.000236298216,1
h0,61.1309,963.000240203911,1
h0,33.1336,964.000244110522,1
h0,6.12806,965.000235020441,1
h0,23.4356,966.000239078173,1
h0,52.795,967.000243176105,1
h0,81.7972,968.000234272846,1
h0,110.178,969.000238367513,1
h0,137.927,970.000242460074,1
h0,165.19,971.000246551014,1
h0,191.957,972.000237640299,1
h0,218.505,973.000241728855,1
h0,246.332,974.000245821676,1
h0,276.154,975.00023692115,1
h0,308.516,976.000241029097,1
h0,341.503,977.000245139132,1
h0,374.688,978.000236249824,1
