h0,407.181,955.000247358208,1
h0,369.341,956.00023823199,1
h0,331.655,957.000242106282,1
h0,294.14,958.000245981146,1
h0,256.006,959.000236853944,1
h0,216.201,960.000240721168,1
h0,175.002,961.000244583744,1
h0,133.625,962.000235445725,1
h0,92.1176,963.000239307271,1
h0,49.153,964.000243163957,1
h0,8.0883,965.00023402698,1
h0,37.7179,966.000238125813,1
h0,80.5683,967.000242268747,1
h0,125.595,968.000246418938,1
h0,172.484,969.000237575346,1
h0,221.226,970.000241737931,1
h0,271.222,971.000245904698,1
h0,321.071,972.000237070979,1
h0,370.719,973.000241236585,1
