h0,381.949,947.000242274043,1
h0,347.014,948.000246157513,1
h0,311.075,949.000237037633,1
h0,276.066,950.000240920856,1
h0,242.031,951.000244807327,1
h0,208.826,952.00023569657,1
h0,176.304,953.000239588085,1
h0,143.266,954.000243477883,1
h0,109.142,955.000234364058,1
h0,73.6954,956.000238245821,1
h0,36.8709,957.000242122988,1
h0,3.65736,958.0002460122,1
h0,42.0111,959.000237140134,1
h0,83.2626,960.000241277734,1
h0,124.695,961.000245415936,1
h0,166.181,962.00023655432,1
h0,207.697,963.000240692803,1
h0,249.219,964.000244831305,1
h0,290.693,965.000235969649,1
h0,332.228,966.000240108193,1
h0,373.696,967.000244246516,1
