h0,401.571,981.000235339497,1
h0,385.334,982.000239285337,1
h0,369.171,983.000243231421,1
h0,352.968,984.000247177375,1
h0,336.768,985.000238123336,1
h0,320.587,986.000242069363,1
h0,304.366,987.000246015255,1
h0,288.174,988.000236961245,1
h0,271.999,989.00024090729,1
h0,255.76,990.000244853122,1
h0,239.583,991.000235799162,1
h0,223.389,992.000239745146,1
h0,207.18,993.000243691077,1
h0,190.978,994.000234637035,1
h0,174.793,995.000238583045,1
h0,158.611,996.00024252907,1
h0,142.469,997.000246475227,1
h0,126.314,998.000237421338,1
h0,110.12,999.000241367322,1
h0,93.9855,1000.000245313502,1
h0,77.856,1001.0002362597,1
h0,61.7949,1002.000240206126,1
h0,45.863,1003.000244152983,1
h0,30.2225,1004.000235100811,1
h0,15.7339,1005.000239052483,1
h0,10.3042,1006.000243034371,1
h0,22.1312,1007.000234073822,1
h0,37.3817,1008.000238124692,1
h0,52.8658,1009.000242176341,1
h0,70.742,1010.00024623597,1
h0,90.6043,1011.000237302223,1
h0,112.298,1012.000241374587,1
h0,135.749,1013.000245452811,1
h0,159.301,1014.000236531371,1
h0,182.554,1015.000240608935,1
h0,205.38,1016.000244685075,1
h0,227.849,1017.000235760024,1
h0,249.908,1018.000239833603,1
h0,271.536,1019.000243905748,1
h0,292.758,1020.000234976536,1
h0,313.805,1021.00023904674,1
h0,335.382,1022.000243118714,1
h0,356.842,1023.000247190296,1
h0,377.858,1024.0002382604,1
