h0,394.918,970.000243317305,1
h0,370.314,971.000247235235,1
h0,345.867,972.00023815369,1
h0,319.902,973.000242067078,1
h0,290.739,974.000245969801,1
h0,261.149,975.0002368711,1
h0,232.339,976.000240775,1
h0,204.141,977.000244680941,1
h0,176.517,978.000235588798,1
h0,150.044,979.000239500494,1
h0,124.535,980.000243415403,1
h0,99.9203,981.000234333298,1
h0,76.1748,982.000238254092,1
h0,53.1491,983.000242177286,1
h0,30.9082,984.000246103099,1
h0,10.4596,985.000237034889,1
h0,14.6689,986.00024104893,1
h0,34.8511,987.000245116251,1
h0,55.3169,988.000236184517,1
h0,75.5756,989.000240252093,1
h0,95.5704,990.000244318789,1
h0,115.351,991.000235384769,1
h0,134.956,992.000239450166,1
h0,154.336,993.000243514809,1
h0,173.627,994.000234579157,1
h0,192.868,995.000238643337,1
h0,212.286,996.00024270811,1
h0,231.988,997.000246773828,1
h0,251.914,998.000237840294,1
h0,272.138,999.000241907754,1
h0,292.584,1000.000245975955,1
h0,313.4,1001.00023704539,1
h0,334.415,1002.000241115487,1
h0,355.773,1003.000245186731,1
h0,377.353,1004.000236258714,1
