h0,386.149,942.000235288055,1
h0,342.269,943.000239141687,1
h0,299.39,944.000242998658,1
h0,257.367,945.000246858483,1
h0,216.124,946.000237720911,1
h0,175.575,947.000241585656,1
h0,135.653,948.00024545249,1
h0,96.4001,949.000236321556,1
h0,57.7228,950.000240192543,1
h0,19.5865,951.000244065333,1
h0,18.8803,952.000235062978,1
h0,57.0883,953.000239190426,1
h0,96.4707,954.000243321792,1
h0,137.017,955.00023445704,1
h0,178.608,956.000238595772,1
h0,221.379,957.000242738441,1
h0,265.798,958.000246886606,1
h0,310.871,959.000238036953,1
h0,355.532,960.000242185927,1
