h0,414.38,968.000235382224,1
h0,379.727,969.000239266631,1
h0,345.375,970.000243152047,1
h0,311.275,971.000247038301,1
h0,277.317,972.000237925031,1
h0,243.533,973.000241812339,1
h0,209.893,974.000245700127,1
h0,176.357,975.000236588262,1
h0,142.854,976.000240476511,1
h0,109.479,977.000244365182,1
h0,76.1546,978.000235254024,1
h0,42.9385,979.000239143227,1
h0,10.1096,980.000243033722,1
h0,23.8567,981.000234079577,1
h0,57.2286,982.000238190894,1
h0,91.1075,983.000242303902,1
h0,125.26,984.000246417822,1
h0,160.24,985.000237534505,1
h0,196.348,986.000241654947,1
h0,232.907,987.000245776895,1
h0,269.579,988.000236899217,1
h0,305.836,989.00024102016,1
h0,341.085,990.000245137739,1
h0,375.433,991.000236252309,1
