h0,404.131,966.000239348037,1
h0,386.617,967.000243289614,1
h0,369.528,968.000247232613,1
h0,352.765,969.000238176698,1
h0,336.274,970.000242121689,1
h0,319.975,971.00024606732,1
h0,303.814,972.000237013414,1
h0,287.834,973.000240960111,1
h0,271.898,974.000244906953,1
h0,256.139,975.000235854388,1
h0,240.366,976.000239801776,1
h0,224.619,977.00024374925,1
h0,208.954,978.000234696996,1
h0,193.274,979.000238644693,1
h0,177.636,980.00024259253,1
h0,162.023,981.00024654045,1
h0,146.557,982.000237488862,1
h0,130.946,983.000241436788,1
h0,115.351,984.00024538477,1
h0,99.7129,985.000236332606,1
h0,84.1436,986.000240280673,1
h0,68.5919,987.000244228798,1
h0,53.1186,988.000235177184,1
h0,37.6709,989.000239125656,1
h0,22.4469,990.000243074875,1
h0,8.71486,991.00023402907,1
h0,11.6087,992.000238038723,1
h0,26.3241,993.000242087808,1
h0,42.4285,994.000246141526,1
h0,59.6208,995.000237198874,1
h0,77.8956,996.000241259832,1
h0,96.8906,997.000245323192,1
h0,116.414,998.000236388316,1
h0,136.807,999.000240456338,1
h0,158.722,1000.00024452944,1
h0,182.114,1001.000235607466,1
h0,207.198,1002.00023969114,1
h0,233.475,1003.000243778789,1
h0,260.178,1004.000234867859,1
h0,287.191,1005.000238957965,1
h0,314.506,1006.000243049081,1
h0,342.086,1007.000247141075,1
h0,369.865,1008.000238233738,1
