h0,411.893,968.000235373927,1
h0,388.963,969.000239297441,1
h0,365.989,970.000243220809,1
h0,342.964,971.000247144005,1
h0,319.501,972.00023806574,1
h0,295.069,973.000241984245,1
h0,269.11,974.000245897653,1
h0,242.598,975.000236809221,1
h0,215.59,976.000240719131,1
h0,187.523,977.000244625509,1
h0,158.143,978.00023552751,1
h0,128.306,979.000239427983,1
h0,98.0644,980.000243327108,1
h0,67.5601,981.000234225356,1
h0,36.8939,982.000238123065,1
h0,6.63491,983.000242022132,1
h0,25.4635,984.000246084937,1
h0,56.5622,985.000237188671,1
h0,87.8776,986.000241293128,1
h0,119.313,987.000245397986,1
h0,151.109,988.000236504046,1
h0,184.52,989.000240615491,1
h0,219.189,990.000244731137,1
h0,253.617,991.000235845975,1
h0,287.618,992.000239959389,1
h0,321.252,993.000244071582,1
h0,354.56,994.000235182686,1
