h0,414.254,987.000246381804,1
h0,384.161,988.000237281423,1
h0,354.478,989.000241182411,1
h0,325.159,990.000245084615,1
h0,296.244,991.000235988163,1
h0,267.938,992.000239893746,1
h0,240.362,993.00024380176,1
h0,213.365,994.000234711707,1
h0,186.931,995.000238623534,1
h0,160.916,996.000242536756,1
h0,135.241,997.000246451114,1
h0,109.858,998.000237366448,1
h0,84.7536,999.000241282708,1
h0,59.8601,1000.000245199672,1
h0,35.0941,1001.000236117061,1
h0,10.5441,1002.000240035171,1
h0,16.1581,1003.000244053898,1
h0,42.6109,1004.000235142135,1
h0,69.5131,1005.000239231871,1
h0,96.7037,1006.000243322569,1
h0,124.097,1007.000234413943,1
h0,151.669,1008.000238505912,1
h0,179.358,1009.000242598275,1
h0,207.257,1010.000246691334,1
h0,235.269,1011.000237784772,1
h0,263.33,1012.000241878373,1
h0,291.418,1013.000245972066,1
h0,319.653,1014.000237066248,1
h0,347.923,1015.000241160547,1
h0,376.149,1016.000245254699,1
