h0,395.213,967.000244318289,1
h0,367.738,968.000235226642,1
h0,340.249,969.000239134948,1
h0,312.729,970.000243043151,1
h0,285.192,971.000246951299,1
h0,257.261,972.00023785813,1
h0,228.435,973.000241761978,1
h0,199.207,974.000245664482,1
h0,170.035,975.000236567174,1
h0,140.985,976.000240470275,1
h0,112.133,977.000244374037,1
h0,83.4493,978.000235278357,1
h0,55.0287,979.000239183556,1
h0,27.0622,980.00024309027,1
h0,6.64879,981.000234022178,1
h0,30.5374,982.000238101862,1
h0,58.1723,983.000242194042,1
h0,85.8935,984.00024628651,1
h0,113.673,985.000237379171,1
h0,141.439,986.000241471789,1
h0,169.148,987.000245564215,1
h0,196.85,988.00023665662,1
h0,224.486,989.000240748806,1
h0,252.138,990.000244841041,1
h0,279.784,991.000235933258,1
h0,307.428,992.00024002547,1
h0,335.071,993.000244117678,1
h0,362.704,994.00023520985,1
