h0,406.045,966.000240354422,1
h0,383.555,967.000244279402,1
h0,360.639,968.000235202962,1
h0,337.221,969.000239124848,1
h0,313.699,970.000243046386,1
h0,290.23,971.000246968102,1
h0,266.575,972.0002378892,1
h0,242.918,973.000241810287,1
h0,219.176,974.000245731091,1
h0,195.47,975.000236652017,1
h0,171.695,976.000240572712,1
h0,147.908,977.000244493367,1
h0,124.101,978.000235413955,1
h0,100.25,979.000239334397,1
h0,76.4959,980.000243255163,1
h0,52.7906,981.000234176091,1
h0,29.231,982.000238097504,1
h0,7.89606,983.000242026338,1
h0,20.2979,984.000246067707,1
h0,43.63,985.000237145534,1
h0,67.5137,986.000241225201,1
h0,93.5947,987.000245312198,1
h0,121.583,988.000236405557,1
h0,151.629,989.000240505779,1
h0,183.798,990.000244613084,1
h0,217.949,991.000235726998,1
h0,252.772,992.000239843155,1
h0,287.037,993.000243957453,1
h0,321.508,994.000235072437,1
h0,356.438,995.000239188948,1
