h0,400.237,967.000244335048,1
h0,373.565,968.000235246079,1
h0,346.891,969.000239157103,1
h0,320.219,970.000243068135,1
h0,293.577,971.000246979267,1
h0,266.896,972.00023789027,1
h0,240.331,973.000241801659,1
h0,213.67,974.000245712726,1
h0,187.019,975.000236623828,1
h0,160.761,976.000240536241,1
h0,135.418,977.000244451707,1
h0,110.919,978.000235369986,1
h0,87.0633,979.000239290412,1
h0,63.6505,980.000243212315,1
h0,40.9618,981.000234136634,1
h0,19.931,982.000238066483,1
h0,10.2358,983.000242034143,1
h0,25.2916,984.000246084364,1
h0,43.3551,985.000237144617,1
h0,61.1671,986.000241204031,1
h0,78.4548,987.000245261697,1
h0,95.3225,988.000236317962,1
h0,111.724,989.000240372671,1
h0,127.941,990.000244426765,1
h0,143.977,991.000235480256,1
h0,159.812,992.000239533076,1
h0,175.524,993.000243585485,1
h0,191.161,994.000234637645,1
h0,206.734,995.00023868959,1
h0,222.227,996.00024274127,1
h0,237.734,997.000246792996,1
h0,253.162,998.000237844456,1
h0,268.566,999.00024189584,1
h0,283.971,1000.000245947224,1
h0,299.394,1001.00023699867,1
h0,314.765,1002.000241049943,1
h0,330.169,1003.000245101324,1
h0,345.539,1004.000236152594,1
h0,360.953,1005.000240204011,1
h0,376.385,1006.000244255486,1
