h0,412.551,1012.000242376123,1
h0,390.096,1013.000246301219,1
h0,367.18,1014.00023722478,1
h0,343.851,1015.000241146963,1
h0,319.805,1016.000245066755,1
h0,293.885,1017.000235980294,1
h0,265.828,1018.000239886708,1
h0,235.803,1019.000243786555,1
h0,203.708,1020.000234679496,1
h0,169.354,1021.000238564903,1
h0,133.624,1022.000242445723,1
h0,98.5289,1023.000246328657,1
h0,64.5075,1024.000237215174,1
h0,31.4785,1025.000241105001,1
h0,3.34748,1026.000245011166,1
h0,32.7344,1027.00023610919,1
h0,63.6683,1028.000240212375,1
h0,94.1024,1029.000244313892,1
h0,124.151,1030.000235414122,1
h0,153.811,1031.000239513057,1
h0,183.189,1032.000243611052,1
h0,212.331,1033.000234708259,1
h0,241.264,1034.000238804769,1
h0,270.029,1035.000242900719,1
h0,298.662,1036.000246996229,1
h0,327.179,1037.000238091353,1
h0,356.942,1038.000242190631,1
