h0,408.654,957.000243363123,1
h0,373.972,958.000247247437,1
h0,339.292,959.000238131756,1
h0,304.745,960.000242016521,1
h0,270.083,961.0002459009,1
h0,233.583,962.000236779147,1
h0,195.221,963.000240651186,1
h0,157.116,964.000244524084,1
h0,119.398,965.000235398268,1
h0,82.167,966.00023927408,1
h0,45.4518,967.000243151611,1
h0,9.62709,968.000234032113,1
h0,26.8393,969.000238089526,1
h0,62.3426,970.000242207953,1
h0,99.4892,971.00024633186,1
h0,137.797,972.00023745964,1
h0,175.203,973.000241584414,1
h0,211.762,974.000245706362,1
h0,247.581,975.000236825841,1
h0,282.88,976.000240943585,1
h0,317.71,977.000245059766,1
h0,352.083,978.000236174423,1
