h0,410.701,989.00024536995,1
h0,392.921,990.000236310644,1
h0,375.13,991.000240251299,1
h0,357.375,992.000244192073,1
h0,339.605,993.0002351328,1
h0,321.91,994.000239073776,1
h0,304.207,995.000243014726,1
h0,286.502,996.000246955666,1
h0,268.76,997.000237896486,1
h0,251.002,998.000241837252,1
h0,233.278,999.000245778132,1
h0,215.565,1000.000236719046,1
h0,197.877,1001.000240660046,1
h0,180.148,1002.000244600908,1
h0,162.5,1003.000235542042,1
h0,144.8,1004.000239483001,1
h0,127.146,1005.000243424114,1
h0,109.469,1006.00023436515,1
h0,91.8757,1007.000238306464,1
h0,74.2631,1008.000242247715,1
h0,56.7458,1009.000246189283,1
h0,39.4212,1010.000237131495,1
h0,22.6322,1011.000241075493,1
h0,9.99181,1012.000245033329,1
h0,17.7513,1013.000236059212,1
h0,34.0355,1014.00024011353,1
h0,51.2876,1015.000244171077,1
h0,68.7913,1016.000235229463,1
h0,86.3693,1017.000239288097,1
h0,103.998,1018.000243346899,1
h0,121.628,1019.000234405707,1
h0,139.309,1020.000238464683,1
h0,156.986,1021.000242523648,1
h0,174.697,1022.000246582726,1
h0,192.403,1023.000237641787,1
h0,210.092,1024.000241700791,1
h0,227.773,1025.000245759768,1
h0,245.492,1026.000236818874,1
h0,263.179,1027.000240877869,1
h0,280.87,1028.00024493688,1
h0,298.594,1029.000235996002,1
h0,316.312,1030.000240055104,1
h0,333.986,1031.000244114056,1
h0,351.698,1032.000235173138,1
h0,369.402,1033.000239232191,1
