h0,95.9376,910.000236320013,1
h0,113.007,911.000240376951,1
h0,130.145,912.000244434116,1
h0,147.336,913.000235491459,1
h0,164.562,914.000239548921,1
h0,182.017,915.000243607142,1
h0,198.193,916.000234661101,1
h0,210.574,917.000238702399,1
h0,219.771,918.000242733078,1
h0,227.691,919.000246759494,1
h0,236.347,920.000237788369,1
h0,245.13,921.000241817667,1
h0,252.146,922.00024584107,1
h0,257.73,923.000236859694,1
h0,261.649,924.000240872767,1
h0,263.351,925.000244878443,1
h0,262.888,926.000235876901,1
h0,260.589,927.000239869232,1
h0,256.16,928.000243854458,1
h0,249.536,929.000234832361,1
h0,242.886,930.00023881018,1
h0,236.466,931.000242788766,1
h0,230.052,932.000246767371,1
h0,223.46,933.000237745383,1
h0,216.348,934.000241721658,1
h0,208.8,935.000245696483,1
h0,201.205,936.000236671149,1
h0,193.812,937.000240646487,1
h0,186.833,938.000244623207,1
h0,180.476,939.000235602003,1
h0,174.717,940.000239582793,1
h0,169.513,941.000243565435,1
h0,164.843,942.000234549858,1
h0,160.604,943.000238535719,1
h0,156.846,944.000242523181,1
h0,153.394,945.000246511668,1
h0,150.322,946.000237501421,1
h0,147.593,947.000241492319,1
h0,145.163,948.000245484211,1
h0,142.988,949.000236476956,1
h0,141.059,950.000240470523,1
h0,139.334,951.000244464769,1
h0,137.816,952.000235459705,1
h0,136.488,953.000239455275,1
h0,134.922,954.00024345005,1
h0,133.14,955.000234444107,1
h0,131.178,956.000238437564,1
h0,129.22,957.00024243103,1
h0,126.663,958.000246422503,1
h0,121.857,959.000237406473,1
h0,116.389,960.000241388233,1
h0,111.373,961.000245371502,1
h0,106.77,962.000236356147,1
h0,102.617,963.000240342292,1
h0,98.8164,964.000244329616,1
h0,95.3911,965.00023531819,1
h0,92.2804,966.000239307814,1
h0,89.5331,967.00024329865,1
h0,87.0329,968.00023429031,1
h0,84.8837,969.000238283141,1
h0,82.8757,970.000242276444,1
h0,81.2156,971.000246270906,1
h0,79.62,972.000237265584,1
h0,78.2683,973.000241261075,1
h0,77.1024,974.000245257186,1
h0,76.0924,975.000236253817,1
h0,75.2148,976.00024025089,1
h0,74.6344,977.000244248953,1
h0,74.6415,978.000235248977,1
h0,75.1916,979.000239250812,1
h0,75.5138,980.000243251887,1
h0,75.6752,981.000234252425,1
h0,75.7261,982.000238252595,1
h0,75.6789,983.000242252438,1
h0,75.5376,984.000246251966,1
h0,75.3857,985.00023725146,1
h0,75.5447,986.00024125199,1
h0,76.3132,987.000245254553,1
h0,77.5296,988.000236258611,1
h0,79.2288,989.000240264279,1
h0,80.7434,990.000244269331,1
h0,82.1091,991.000235273887,1
h0,83.3616,992.000239278064,1
h0,84.5332,993.000243281972,1
h0,85.5892,994.000234285495,1
h0,86.8907,995.000238289836,1
h0,88.2379,996.00024229433,1
h0,89.7294,997.000246299305,1
