h0,400.101,997.000247334594,1
h0,383.614,998.0002382796,1
h0,367.236,999.000242224966,1
h0,350.93,1000.000246170575,1
h0,334.693,1001.000237116415,1
h0,318.484,1002.000241062347,1
h0,302.286,1003.000245008318,1
h0,286.133,1004.000235954437,1
h0,269.983,1005.000239900568,1
h0,253.821,1006.000243846656,1
h0,237.659,1007.000234792746,1
h0,221.444,1008.000238738657,1
h0,205.238,1009.000242684599,1
h0,189.007,1010.00024663046,1
h0,172.778,1011.000237576325,1
h0,156.523,1012.000241522105,1
h0,140.217,1013.000245467712,1
h0,123.934,1014.000236413398,1
h0,107.618,1015.000240358974,1
h0,91.2813,1016.000244304482,1
h0,74.9493,1017.000235250004,1
h0,58.6066,1018.000239195491,1
h0,42.3396,1019.00024314123,1
h0,26.2032,1020.000234087404,1
h0,11.0008,1021.000238036695,1
h0,9.896,1022.00024203301,1
h0,24.8949,1023.000246083041,1
h0,41.0747,1024.000237137011,1
h0,57.6742,1025.000241192381,1
h0,74.6189,1026.000245248902,1
h0,91.9002,1027.000236306546,1
h0,109.349,1028.000240364749,1
h0,126.943,1029.000244423437,1
h0,144.575,1030.00023548225,1
h0,162.309,1031.000239541403,1
h0,179.999,1032.000243600413,1
h0,197.67,1033.000234659356,1
h0,215.316,1034.000238718216,1
h0,232.958,1035.000242777064,1
h0,250.551,1036.000246835749,1
h0,268.042,1037.000237894093,1
h0,285.447,1038.000241952149,1
h0,302.763,1039.000246009908,1
h0,319.938,1040.000237067197,1
h0,336.956,1041.000241123963,1
h0,353.891,1042.000245180453,1
h0,370.692,1043.000236236494,1
