h0,393.625,973.00024231299,1
h0,366.529,974.000246222609,1
h0,339.452,975.000237132291,1
h0,312.346,976.000241041873,1
h0,285.322,977.000244951732,1
h0,258.428,978.000235862022,1
h0,231.663,979.000239772745,1
h0,205.096,980.000243684127,1
h0,178.74,981.000234596213,1
h0,152.56,982.000238508887,1
h0,126.59,983.000242422258,1
h0,100.804,984.000246336246,1
h0,75.2336,985.000237250952,1
h0,49.8667,986.000241166337,1
h0,24.8739,987.000245082971,1
h0,6.49894,988.000236021678,1
h0,27.0026,989.000240090071,1
h0,51.6643,990.000244172334,1
h0,76.5047,991.000235255192,1
h0,101.489,992.000239338531,1
h0,128.148,993.000243427457,1
h0,156.014,994.000234520407,1
h0,183.044,995.000238610568,1
h0,209.127,996.000242697571,1
h0,234.442,997.000246782015,1
h0,259.052,998.000237864104,1
h0,283.017,999.000241944043,1
h0,306.866,1000.000246023596,1
h0,331.124,1001.00023710451,1
h0,355.527,1002.000241185911,1
