h0,401.413,951.000245338968,1
h0,376.699,952.000236256533,1
h0,352.252,953.000240174987,1
h0,328.106,954.000244094443,1
h0,304.185,955.000235014651,1
h0,280.506,956.000238935666,1
h0,256.97,957.000242857159,1
h0,233.624,958.000246779285,1
h0,210.379,959.000237701748,1
h0,187.313,960.000241624808,1
h0,164.352,961.00024554822,1
h0,141.458,962.000236471852,1
h0,118.766,963.000240396162,1
h0,96.5787,964.000244322152,1
h0,74.0808,965.000235247107,1
h0,52.0875,966.000239173745,1
h0,31.9391,967.000243106538,1
h0,14.5969,968.00023404869,1
h0,12.0916,969.000238040333,1
h0,26.5727,970.000242088637,1
h0,42.5525,971.00024614194,1
h0,58.3468,972.000237194624,1
h0,73.8719,973.00024124641,1
h0,89.1274,974.000245297297,1
h0,104.105,975.000236347257,1
h0,118.848,976.000240396435,1
h0,133.448,977.000244445136,1
h0,147.979,978.000235493606,1
h0,162.453,979.000239541884,1
h0,176.865,980.000243589957,1
h0,191.246,981.000234637928,1
h0,205.568,982.0002386857,1
h0,219.798,983.000242733168,1
h0,234.074,984.000246780788,1
h0,248.34,985.000237828373,1
h0,262.532,986.000241875714,1
h0,276.758,987.000245923166,1
h0,290.977,988.000236970593,1
h0,305.225,989.00024101812,1
h0,319.521,990.000245065807,1
h0,333.798,991.00023611343,1
h0,348.11,992.000240161168,1
h0,362.457,993.000244209025,1
h0,376.822,994.000235256942,1
