h0,406.667,964.000245356497,1
h0,375.112,965.000236251238,1
h0,344.017,966.000240147516,1
h0,313.502,967.000244045729,1
h0,283.827,968.000234946745,1
h0,254.961,969.000238850459,1
h0,226.61,970.000242755889,1
h0,199.579,971.000246665724,1
h0,173.482,972.000237578675,1
h0,147.777,973.000241492932,1
h0,122.523,974.000245408694,1
h0,97.6329,975.000236325668,1
h0,72.9676,976.000240243394,1
h0,48.4433,977.000244161589,1
h0,24.2813,978.000235080994,1
h0,3.43134,979.000239011446,1
h0,27.3975,980.000243091388,1
h0,55.3127,981.000234184503,1
h0,85.2504,982.000238284365,1
h0,117.164,983.000242390817,1
h0,151.146,984.000246504167,1
h0,187.246,985.000237624586,1
h0,225.412,986.000241751895,1
h0,265.66,987.000245886146,1
h0,307.335,988.000237025158,1
h0,348.739,989.000241163267,1
