h0,403.631,968.000235346368,1
h0,379.432,969.00023926565,1
h0,355.205,970.000243184837,1
h0,330.929,971.000247103859,1
h0,306.626,972.000238022795,1
h0,282.292,973.000241941625,1
h0,257.973,974.000245860506,1
h0,233.627,975.000236779297,1
h0,208.487,976.000240695438,1
h0,181.659,977.000244605951,1
h0,154.048,978.000235513849,1
h0,126.882,979.000239423234,1
h0,100.123,980.000243333974,1
h0,73.6732,981.000234245747,1
h0,47.58,982.00023815871,1
h0,21.7805,983.000242072652,1
h0,5.79344,984.000246019325,1
h0,32.3205,985.00023710781,1
h0,59.9799,986.000241200072,1
h0,87.8384,987.000245292997,1
h0,115.785,988.000236386217,1
h0,143.778,989.000240479591,1
h0,171.735,990.000244572848,1
h0,199.318,991.000235664852,1
h0,226.508,992.000239755548,1
h0,253.323,993.000243844995,1
h0,279.747,994.000234933135,1
h0,305.858,995.000239020231,1
h0,332.679,996.000243109698,1
h0,360.895,997.000247203817,1
