h0,401.256,977.000240338446,1
h0,380.724,978.000244269959,1
h0,360.381,979.000235202101,1
h0,340.16,980.000239134651,1
h0,318.742,981.00024306321,1
h0,296.141,982.000246987819,1
h0,274.032,983.000237914073,1
h0,252.526,984.000241842335,1
h0,231.558,985.000245772395,1
h0,211.033,986.00023670393,1
h0,190.94,987.000240636907,1
h0,171.174,988.000244570975,1
h0,151.626,989.000235505771,1
h0,132.404,990.000239441653,1
h0,113.545,991.000243378746,1
h0,94.9805,992.000234316821,1
h0,76.6628,993.00023825572,1
h0,58.6989,994.000242195799,1
h0,41.0673,995.000246136986,1
h0,23.8856,996.000237079674,1
h0,8.52695,997.000241028443,1
h0,13.2289,998.000245044127,1
h0,29.3181,999.000236097795,1
h0,45.9255,1000.000240153191,1
h0,62.5903,1001.000244208779,1
h0,79.1906,1002.000235264151,1
h0,95.6617,1003.000239319093,1
h0,112.168,1004.000243374151,1
h0,129.028,1005.00023443039,1
h0,146.126,1006.000238487425,1
h0,163.427,1007.000242545134,1
h0,180.879,1008.000246603347,1
h0,198.424,1009.000237661871,1
h0,216.037,1010.000241720623,1
h0,233.803,1011.000245779883,1
h0,251.653,1012.000236839424,1
h0,269.581,1013.000240899225,1
h0,287.552,1014.00024495917,1
h0,305.581,1015.000236019307,1
h0,323.615,1016.000240079464,1
h0,341.736,1017.00024413991,1
h0,359.908,1018.000235200525,1
h0,378.09,1019.000239261174,1
