h0,136.541,918.000242455453,1
h0,148.722,919.000246496082,1
h0,160.848,920.000237536533,1
h0,173.073,921.000241577308,1
h0,185.023,922.00024561717,1
h0,196.856,923.000236656641,1
h0,208.625,924.000240695899,1
h0,218.576,925.000244729091,1
h0,226.481,926.000235755458,1
h0,232.415,927.000239775252,1
h0,236.359,928.000243788409,1
h0,238.557,929.000234795741,1
h0,239.675,930.00023879947,1
h0,240.766,931.000242803108,1
h0,242.336,932.000246808346,1
h0,244.654,933.000237816079,1
h0,247.552,934.000241825744,1
h0,250.872,935.000245836818,1
h0,254.795,936.000236849904,1
h0,259.156,937.000240864451,1
h0,263.967,938.000244880498,1
h0,269.062,939.000235897493,1
h0,274.417,940.000239915358,1
h0,280.018,941.000243934039,1
h0,285.82,942.000234953392,1
h0,291.794,943.000238973321,1
h0,297.939,944.000242993819,1
h0,304.239,945.000247014832,1
h0,310.646,946.000238036202,1
h0,317.116,947.000242057784,1
h0,323.767,948.000246079971,1
h0,330.375,949.000237102011,1
h0,337.073,950.000241124354,1
h0,343.821,951.000245146865,1
h0,350.161,952.000236168013,1
h0,355.41,953.000240185519,1
h0,359.424,954.000244198909,1
h0,362.464,955.00023520905,1
h0,365.263,956.000239218387,1
h0,367.808,957.000243226875,1
h0,370.217,958.000247234912,1
h0,372.492,959.000238242501,1
h0,374.568,960.000242249426,1
h0,376.592,961.000246256175,1
h0,377.938,962.000237260666,1
h0,377.748,963.00024126003,1
h0,376.23,964.000245254967,1
h0,373.532,965.000236245968,1
h0,369.722,966.000240233258,1
h0,365.003,967.000244217519,1
h0,359.474,968.000235199076,1
h0,353.245,969.000239178299,1
h0,346.395,970.000243155449,1
h0,339.03,971.000247130882,1
h0,331.275,972.000238105013,1
h0,323.118,973.000242077806,1
h0,314.694,974.000246049707,1
h0,306.083,975.000237020983,1
h0,298.613,976.000240996066,1
h0,292.835,977.000244976791,1
h0,288.687,978.000235962957,1
h0,286.245,979.00023995481,1
h0,285.67,980.000243952894,1
h0,286.217,981.000234954716,1
h0,286.882,982.000238956935,1
h0,287.588,983.000242959289,1
h0,288.453,984.000246962175,1
h0,289.427,985.000237965424,1
h0,290.451,986.000241968839,1
h0,291.502,987.000245972346,1
h0,292.627,988.000236976099,1
h0,293.761,989.000240979881,1
h0,294.962,990.000244983886,1
h0,296.206,991.000235988036,1
h0,297.413,992.000239992062,1
h0,298.636,993.000243996142,1
h0,299.892,994.000235000331,1
h0,301.161,995.000239004565,1
h0,303.023,996.000243010777,1
h0,305.702,997.000247019711,1
h0,309.26,998.000238031582,1
h0,313.672,999.000242046297,1
h0,318.835,1000.000246063518,1
h0,324.694,1001.000237083063,1
h0,331.208,1002.000241104791,1
h0,338.355,1003.000245128631,1
