h0,409.828,989.000241367039,1
h0,387.942,990.000245294035,1
h0,366.347,991.000236222003,1
h0,344.948,992.000240150624,1
h0,323.672,993.000244079654,1
h0,302.488,994.00023500899,1
h0,281.352,995.000238938491,1
h0,260.289,996.000242868232,1
h0,239.293,997.000246798195,1
h0,218.319,998.000237728233,1
h0,197.355,999.000241658304,1
h0,176.442,1000.000245588548,1
h0,154.472,1001.000236515263,1
h0,130.409,1002.000240434998,1
h0,104.598,1003.000244348902,1
h0,78.0788,1004.000235260443,1
h0,52.3993,1005.000239174785,1
h0,27.8205,1006.000243092799,1
h0,6.98593,1007.000234023303,1
h0,21.8446,1008.000238072866,1
h0,44.5129,1009.000242148479,1
h0,67.0754,1010.000246223739,1
h0,89.4055,1011.000237298225,1
h0,111.468,1012.000241371819,1
h0,133.254,1013.000245444486,1
h0,154.873,1014.000236516602,1
h0,176.345,1015.000240588225,1
h0,197.706,1016.000244659476,1
h0,218.959,1017.000235730368,1
h0,240.081,1018.000239800823,1
h0,261.137,1019.000243871059,1
h0,282.074,1020.000234940897,1
h0,303.057,1021.000239010888,1
h0,324.004,1022.00024308076,1
h0,344.935,1023.000247150578,1
h0,365.801,1024.000238220182,1
