h0,415.455,957.000243385809,1
h0,377.393,958.000247258849,1
h0,339.011,959.000238130818,1
h0,300.383,960.000242001969,1
h0,261.416,961.000245871991,1
h0,222.219,962.000236741244,1
h0,182.878,963.000240610016,1
h0,143.45,964.000244478497,1
h0,103.931,965.000235346676,1
h0,64.309,966.000239214512,1
h0,24.7031,967.000243082401,1
h0,15.6514,968.000234052208,1
h0,55.2486,969.000238184289,1
h0,95.127,970.000242317309,1
h0,136.104,971.000246453996,1
h0,177.265,972.000237591291,1
h0,217.208,973.000241724529,1
h0,255.914,974.000245853636,1
h0,293.441,975.000236978815,1
h0,329.921,976.000241100499,1
h0,365.394,977.000245218825,1
