h0,191.707,915.000243639465,1
h0,207.832,916.000234693253,1
h0,222.373,917.000238741756,1
h0,235.174,918.000242784457,1
h0,246.218,919.000246821296,1
h0,254.78,920.000237849855,1
h0,260.842,921.000241870076,1
h0,264.24,922.00024588141,1
h0,264.774,923.000236883192,1
h0,262.539,924.000240875736,1
h0,257.806,925.000244859947,1
h0,250.531,926.000235835683,1
h0,241.042,927.000239804031,1
h0,229.226,928.000243764615,1
h0,216.315,929.000234721548,1
h0,204.374,930.000238681717,1
h0,193.953,931.000242646958,1
h0,184.852,932.000246616601,1
h0,176.974,933.000237590322,1
h0,170.248,934.000241567888,1
h0,164.44,935.000245548512,1
h0,160.034,936.000236533817,1
h0,157.094,937.000240524008,1
h0,156.757,938.000244522885,1
h0,159.274,939.000235531282,1
h0,163.627,940.000239545803,1
h0,168.636,941.00024356251,1
h0,174.02,942.000234580469,1
h0,179.764,943.00023859963,1
h0,185.74,944.000242619562,1
h0,191.833,945.000246639885,1
h0,198.022,946.00023766053,1
h0,204.281,947.000241681407,1
h0,210.587,948.000245702441,1
h0,216.758,949.000236723026,1
h0,222.897,950.000240743505,1
h0,228.986,951.000244763815,1
h0,235.089,952.000235784173,1
h0,241.124,953.000239804303,1
h0,247.111,954.000243824272,1
h0,253.13,955.000234844351,1
h0,260.278,956.000238868194,1
h0,269.352,957.000242898462,1
h0,280.43,958.000246935413,1
h0,293.371,959.000237978581,1
h0,308.244,960.000242028192,1
h0,324.984,961.000246084031,1
h0,342.137,962.000237141247,1
h0,359.147,963.000241197984,1
h0,376.057,964.000245254393,1
h0,392.914,965.00023631062,1
