h0,399.814,962.000237333637,1
h0,372.402,963.000241242198,1
h0,345.142,964.00024515127,1
h0,318.048,965.000236060895,1
h0,291.031,966.000239970776,1
h0,264.178,967.000243881203,1
h0,237.364,968.000234791763,1
h0,210.652,969.000238702658,1
h0,184,970.000242613758,1
h0,157.4,971.00024652503,1
h0,130.682,972.00023743591,1
h0,102.816,973.000241342959,1
h0,74.3964,974.00024524816,1
h0,46.9728,975.000236156684,1
h0,20.5252,976.000240068465,1
h0,6.25255,977.000244020856,1
h0,30.3982,978.000235101397,1
h0,54.4296,979.000239181558,1
h0,77.8876,980.000243259805,1
h0,100.817,981.000234336289,1
h0,123.363,982.000238411494,1
h0,145.71,983.000242486037,1
h0,168.476,984.000246561975,1
h0,192.121,985.000237640848,1
h0,216.936,986.00024172362,1
h0,242.648,987.000245809388,1
h0,268.803,988.00023689663,1
h0,295.43,989.000240985448,1
h0,322.447,990.000245075566,1
h0,349.753,991.00023616665,1
h0,377.682,992.00024025981,1
