h0,(2019.87,29.8,0),0.26,923
h0,(2018.37,29.8,0),2.49,924
h0,(2014.64,29.8,0),4.74,925
h0,(2008.75,29.8,0),6.76,926
h0,(2000.96,29.8,0),8.73,927
h0,(1991.15,29.8,0),10.66,928
h0,(1979.39,29.8,0),12.6,929
h0,(1965.79,29.8,0),14.38,930
h0,(1950.35,29.8,0),16.25,931
h0,(1933.77,29.8,0),16.38,932
h0,(1917.2,29.8,0),16.5,933
h0,(1900.27,29.8,0),17.71,934
h0,(1882.41,29.8,0),17.39,935
h0,(1865.59,29.8,0),16.59,936
h0,(1849.06,29.8,0),16.65,937
h0,(1832.5,29.8,0),16.75,938
h0,(1815.94,29.8,0),16.67,939
h0,(1799.46,29.8,0),16.68,940
h0,(1782.97,29.8,0),16.53,941
h0,(1766.39,29.8,0),16.6,942
h0,(1749.82,29.8,0),16.64,943
h0,(1733.26,29.8,0),16.63,944
h0,(1716.7,29.8,0),16.63,945
h0,(1700.13,29.8,0),16.67,946
h0,(1683.64,29.8,0),16.73,947
h0,(1666.91,29.8,0),17.46,948
h0,(1648.29,26.6,0),19.56,949
h0,(1628.08,26.6,0),20.19,950
h0,(1608.19,26.6,0),19.69,951
h0,(1588.8,26.6,0),19.11,952
h0,(1569.82,26.6,0),18.83,953
h0,(1551.17,26.6,0),18.48,954
h0,(1532.81,26.6,0),18.22,955
h0,(1514.81,26.6,0),18.05,956
h0,(1496.88,26.6,0),17.88,957
h0,(1479.07,26.6,0),17.8,958
h0,(1461.42,26.6,0),17.66,959
h0,(1443.83,26.6,0),17.59,960
h0,(1426.35,26.6,0),17.44,961
h0,(1408.94,26.6,0),17.29,962
h0,(1391.61,26.6,0),17.4,963
h0,(1374.3,26.6,0),17.22,964
h0,(1357.06,26.6,0),17.17,965
h0,(1339.8,26.6,0),17.34,966
h0,(1322.63,26.6,0),17.1,967
h0,(1305.72,26.6,0),16.78,968
h0,(1289.11,26.6,0),16.43,969
h0,(1272.79,26.6,0),16.33,970
h0,(1256.61,26.6,0),16.04,971
h0,(1240.63,26.6,0),15.92,972
h0,(1224.79,26.6,0),15.79,973
h0,(1209.12,26.6,0),15.64,974
h0,(1193.55,26.6,0),15.48,975
h0,(1178.09,26.6,0),15.41,976
h0,(1162.75,26.6,0),15.35,977
h0,(1147.33,26.6,0),15.44,978
h0,(1131.52,26.6,0),15.97,979
h0,(1115.5,26.6,0),16.13,980
h0,(1099.48,26.6,0),16.11,981
h0,(1083.42,26.6,0),15.96,982
h0,(1067.38,26.6,0),16.01,983
h0,(1051.36,26.6,0),16.01,984
h0,(1035.35,26.6,0),16.04,985
h0,(1019.41,26.6,0),15.9,986
h0,(1003.47,26.6,0),15.91,987
h0,(987.565,26.6,0),15.95,988
h0,(971.637,26.6,0),15.87,989
h0,(955.788,26.6,0),15.91,990
h0,(939.905,26.6,0),15.85,991
h0,(924.035,26.6,0),15.88,992
h0,(908.137,26.6,0),15.87,993
h0,(892.268,26.6,0),15.85,994
h0,(876.376,26.6,0),15.82,995
h0,(860.5,26.6,0),15.87,996
h0,(844.607,26.6,0),15.8,997
h0,(828.691,26.6,0),15.84,998
h0,(812.757,26.6,0),15.93,999
h0,(796.857,26.6,0),15.86,1000
h0,(780.977,26.6,0),15.81,1001
h0,(765.077,26.6,0),15.94,1002
h0,(749.048,26.6,0),16.2,1003
h0,(732.526,26.6,0),16.89,1004
h0,(715.676,26.6,0),16.92,1005
h0,(698.696,26.6,0),16.99,1006
h0,(681.739,26.6,0),17,1007
h0,(664.709,26.6,0),17.05,1008
h0,(647.677,26.6,0),17.04,1009
h0,(630.62,26.6,0),17.13,1010
h0,(613.564,26.6,0),17.09,1011
h0,(596.501,26.6,0),17.06,1012
h0,(579.412,26.6,0),17.06,1013
h0,(562.336,26.6,0),17,1014
h0,(545.275,26.6,0),16.97,1015
h0,(528.34,26.6,0),16.93,1016
h0,(511.542,26.6,0),16.94,1017
h0,(494.523,26.6,0),17.11,1018
h0,(477.426,26.6,0),17.09,1019
h0,(460.342,26.6,0),17.05,1020
h0,(443.245,26.6,0),17.12,1021
h0,(426.124,26.6,0),17.12,1022
h0,(409.033,26.6,0),17.07,1023
h0,(391.938,26.6,0),17.04,1024
h0,(374.869,26.6,0),17.13,1025
h0,(357.762,26.6,0),17.16,1026
h0,(340.67,26.6,0),17.14,1027
h0,(323.565,26.6,0),17.12,1028
h0,(306.47,26.6,0),17.09,1029
h0,(289.389,26.6,0),17.08,1030
h0,(272.28,26.6,0),17.14,1031
h0,(255.18,26.6,0),17.11,1032
h0,(238.068,26.6,0),17.09,1033
h0,(220.967,26.6,0),17.12,1034
h0,(203.874,26.6,0),17.13,1035
h0,(186.761,26.6,0),17.1,1036
h0,(169.663,26.6,0),17.13,1037
h0,(152.569,26.6,0),17.09,1038
h0,(135.452,26.6,0),17.19,1039
h0,(118.342,26.6,0),17.14,1040
h0,(101.245,26.6,0),17.08,1041
h0,(84.1166,26.6,0),17.03,1042
h0,(66.9942,26.6,0),17.02,1043
h0,(49.4332,26.6,0),18.34,1044
h0,(30.0484,26.6,0),20.26,1045
