h0,388.461,943.000239295766,1
h0,360.004,944.000243200844,1
h0,330.122,945.000247101168,1
h0,298.744,946.000237996503,1
h0,266.014,947.000241887326,1
h0,233.119,948.000245777602,1
h0,200.456,949.000236668651,1
h0,167.961,950.000240560258,1
h0,135.578,951.000244452239,1
h0,103.283,952.000235344516,1
h0,71.0467,953.000239236986,1
h0,38.8892,954.00024312972,1
h0,7.08895,955.000234023646,1
h0,26.6164,956.000238088783,1
h0,59.5793,957.000242198735,1
h0,92.8599,958.000246309747,1
h0,126.429,959.000237421722,1
h0,160.269,960.000241534601,1
h0,194.332,961.000245648221,1
h0,228.536,962.000236762312,1
h0,262.908,963.000240876967,1
h0,297.343,964.000244991828,1
h0,331.999,965.000236107431,1
h0,366.782,966.000240223453,1
