h0,121.843,928.000291406425,1
h0,138.022,929.000243460393,1
h0,151.069,930.000234503911,1
h0,161.203,931.000238537714,1
h0,168.609,932.00024256242,1
h0,173.714,933.000246579449,1
h0,176.962,934.000237590282,1
h0,178.442,935.000241595217,1
h0,177.814,936.000245593122,1
h0,176.412,937.000236588449,1
h0,174.656,938.000240582591,1
h0,172.63,939.000244575831,1
h0,170.434,940.000235568505,1
h0,168.311,941.000239561424,1
h0,166.42,942.000243555117,1
h0,164.633,943.000234549156,1
h0,162.775,944.000238542958,1
h0,160.647,945.000242535862,1
h0,158.309,946.000246528062,1
h0,155.65,947.000237519191,1
h0,152.73,948.000241509453,1
h0,149.478,949.000245498605,1
h0,145.504,950.000236485351,1
h0,139.644,951.000240465803,1
h0,133.36,952.000244444842,1
h0,127.589,953.000235425592,1
h0,122.352,954.000239408122,1
h0,117.646,955.000243392425,1
h0,113.411,956.000234378299,1
h0,109.528,957.000238365344,1
h0,106.041,958.000242353716,1
h0,103.212,959.000246344277,1
h0,100.978,960.000237336828,1
h0,99.0531,961.000241330406,1
h0,97.375,962.000245324808,1
h0,95.9875,963.00023632018,1
h0,94.6846,964.000240315834,1
h0,93.5066,965.000244311904,1
h0,92.3803,966.000235308148,1
h0,91.3242,967.000239304625,1
h0,90.3648,968.000243301425,1
h0,89.4536,969.000234298385,1
h0,88.5517,970.000238295377,1
h0,87.6399,971.000242292335,1
h0,86.8106,972.000246289569,1
h0,86.0447,973.000237287014,1
h0,85.283,974.000241284474,1
h0,84.6094,975.000245282226,1
h0,83.9616,976.000236280066,1
h0,83.3711,977.000240278096,1
h0,82.8232,978.000244276269,1
h0,82.3552,979.000235274707,1
h0,81.9017,980.000239273195,1
h0,81.5242,981.000243271935,1
h0,81.1664,982.000234270742,1
h0,80.8485,983.000238269682,1
h0,80.5908,984.000242268822,1
h0,80.3686,985.000246268081,1
h0,80.1945,986.0002372675,1
h0,80.0152,987.000241266902,1
h0,79.8727,988.000245266427,1
h0,79.7703,989.000236266085,1
h0,79.6422,990.000240265658,1
h0,79.5811,991.000244265454,1
h0,79.5106,992.000235265219,1
h0,79.494,993.000239265163,1
h0,79.8105,994.000243266219,1
h0,80.5224,995.000234268594,1
h0,81.2898,996.000238271154,1
h0,82.0093,997.000242273554,1
h0,82.6329,998.000246275634,1
h0,83.1329,999.000237277302,1
h0,83.5294,1000.000241278624,1
h0,83.8085,1001.000245279555,1
h0,83.9179,1002.00023627992,1
h0,83.9481,1003.000240280021,1
h0,83.8606,1004.000244279729,1
h0,83.7343,1005.000235279307,1
h0,83.5421,1006.000239278666,1
h0,83.2697,1007.000243277758,1
h0,82.9655,1008.000234276743,1
h0,82.6752,1009.000238275775,1
h0,82.3153,1010.000242274574,1
h0,82.0317,1011.000246273628,1
h0,81.7278,1012.000237272614,1
h0,81.4433,1013.000241271666,1
h0,81.1538,1014.0002452707,1
h0,80.9121,1015.000236269894,1
h0,80.6382,1016.00024026898,1
h0,80.4515,1017.000244268357,1
h0,80.2289,1018.000235267615,1
h0,80.0596,1019.00023926705,1
h0,79.9419,1020.000243266657,1
h0,79.8305,1021.000234266286,1
h0,79.715,1022.000238265901,1
h0,79.6109,1023.000242265553,1
h0,79.5683,1024.000246265411,1
h0,79.5041,1025.000237265197,1
h0,79.4243,1026.000241264931,1
h0,79.3881,1027.00024526481,1
h0,79.3327,1028.000236264625,1
h0,79.2904,1029.000240264484,1
h0,79.2626,1030.000244264392,1
h0,79.2459,1031.000235264336,1
h0,79.1782,1032.00023926411,1
h0,79.1658,1033.000243264069,1
h0,79.1622,1034.000234264057,1
h0,79.1955,1035.000238264168,1
h0,79.1995,1036.000242264181,1
h0,79.1845,1037.000246264131,1
h0,79.1901,1038.00023726415,1
h0,79.2081,1039.00024126421,1
h0,79.2041,1040.000245264196,1
h0,79.1777,1041.000236264108,1
h0,79.1742,1042.000240264097,1
h0,79.159,1043.000244264046,1
h0,79.1475,1044.000235264008,1
h0,79.1436,1045.000239263995,1
h0,79.118,1046.000243263909,1
h0,79.1378,1047.000234263975,1
h0,79.1696,1048.000238264081,1
h0,79.167,1049.000242264073,1
h0,79.1801,1050.000246264116,1
h0,79.2059,1051.000237264202,1
h0,79.1947,1052.000241264165,1
h0,79.174,1053.000245264096,1
h0,79.169,1054.000236264079,1
h0,79.1926,1055.000240264158,1
h0,79.2031,1056.000244264193,1
h0,79.203,1057.000235264193,1
h0,79.2048,1058.000239264199,1
h0,79.2134,1059.000243264228,1
h0,79.2157,1060.000234264235,1
h0,79.2234,1061.000238264261,1
h0,79.2336,1062.000242264295,1
h0,79.2037,1063.000246264195,1
h0,79.1852,1064.000237264133,1
h0,79.1728,1065.000241264092,1
h0,79.1654,1066.000245264067,1
h0,79.1342,1067.000236263963,1
h0,79.1321,1068.000240263956,1
h0,79.1197,1069.000244263915,1
h0,79.0253,1070.0002352636,1
h0,79.0494,1071.00023926368,1
h0,79.0292,1072.000243263613,1
h0,79.0485,1073.000234263677,1
h0,79.062,1074.000238263722,1
h0,79.0866,1075.000242263805,1
h0,79.1363,1076.00024626397,1
h0,79.1792,1077.000237264113,1
h0,79.2763,1078.000241264437,1
h0,79.4532,1079.000245265027,1
h0,79.7831,1080.000236266128,1
h0,80.1067,1081.000240267207,1
h0,80.5089,1082.000244268549,1
h0,81.0108,1083.000235270223,1
h0,81.6199,1084.000239272255,1
h0,82.2836,1085.000243274468,1
h0,83.0558,1086.000234277044,1
h0,83.8924,1087.000238279835,1
h0,84.7843,1088.00024228281,1
h0,85.6767,1089.000246285787,1
h0,86.589,1090.00023728883,1
h0,87.4938,1091.000241291848,1
h0,88.3923,1092.000245294845,1
h0,89.2719,1093.000236297779,1
h0,90.0366,1094.00024030033,1
h0,90.7835,1095.000244302821,1
h0,91.4615,1096.000235305083,1
h0,92.1331,1097.000239307323,1
h0,92.7369,1098.000243309337,1
h0,93.2536,1099.00023431106,1
h0,93.7497,1100.000238312715,1
h0,94.2209,1101.000242314287,1
h0,94.6512,1102.000246315722,1
h0,95.1063,1103.000237317241,1
h0,95.7967,1104.000241319544,1
h0,96.9256,1105.000245323309,1
h0,98.4304,1106.000236328328,1
h0,100.362,1107.000240334772,1
h0,102.983,1108.000244343514,1
h0,106.379,1109.000235354841,1
h0,110.857,1110.000239369778,1
h0,115.667,1111.000243385823,1
h0,120.433,1112.000234401722,1
h0,125.545,1113.000238418774,1
