h0,407.191,945.000247358243,1
h0,365.791,946.000238220147,1
h0,322.421,947.000242075481,1
h0,277.201,948.000245924643,1
h0,231.514,949.000236772246,1
h0,185.826,950.000240619847,1
h0,140.099,951.000244467321,1
h0,94.4095,952.000235314916,1
h0,48.7884,953.000239162741,1
h0,4.36972,954.000243014576,1
h0,42.8348,955.000234142882,1
h0,88.4434,956.000238295016,1
h0,134.11,957.000242447343,1
h0,179.8,958.000246599749,1
h0,225.496,959.000237752173,1
h0,271.161,960.000241904496,1
h0,316.854,961.000246056912,1
h0,362.566,962.000237209389,1
