h0,414.1,950.000241381287,1
h0,372.047,951.000245241014,1
h0,328.607,952.000236096115,1
h0,284.46,953.000239948858,1
h0,240.333,954.000243801664,1
h0,196.243,955.000234654596,1
h0,152.393,956.000238508328,1
h0,109.159,957.000242364116,1
h0,66.5596,958.000246222019,1
h0,24.6313,959.000237082161,1
h0,17.6333,960.000241058818,1
h0,58.9617,961.000245196675,1
h0,100.172,962.000236334138,1
h0,141.057,963.000240470517,1
h0,181.669,964.000244605982,1
h0,222.103,965.000235740857,1
h0,262.262,966.000239874813,1
h0,302.208,967.000244008057,1
h0,341.955,968.000235140639,1
