h0,393.338,973.000242312036,1
h0,362.445,974.000246208987,1
h0,330.825,975.000237103512,1
h0,299.017,976.000240997414,1
h0,266.95,977.000244890449,1
h0,234.709,978.000235782906,1
h0,202.294,979.000239674782,1
h0,169.722,980.000243566132,1
h0,137.059,981.000234457178,1
h0,104.322,982.000238347981,1
h0,71.4626,983.000242238373,1
h0,38.5692,984.000246128653,1
h0,6.26025,985.000237020882,1
h0,27.9478,986.000241093224,1
h0,61.1373,987.000245203932,1
h0,94.6577,988.000236315744,1
h0,128.395,989.000240428279,1
h0,162.374,990.00024454162,1
h0,196.762,991.000235656328,1
h0,231.478,992.000239772128,1
h0,266.273,993.000243888193,1
h0,301.171,994.000235004599,1
h0,336.068,995.000239121003,1
h0,371.004,996.000243237535,1
