h0,402.078,959.000237341187,1
h0,368.075,960.000241227766,1
h0,333.935,961.000245113888,1
h0,299.795,962.000236000009,1
h0,265.731,963.000239886382,1
h0,231.821,964.000243773272,1
h0,198.041,965.000234660595,1
h0,164.444,966.000238548526,1
h0,130.977,967.000242436892,1
h0,97.5551,968.000246325409,1
h0,63.4519,969.000237211653,1
h0,28.972,970.00024109664,1
h0,6.3769,971.000245021271,1
h0,39.7716,972.000236132664,1
h0,73.6991,973.000240245834,1
h0,107.649,974.00024435908,1
h0,141.217,975.00023547105,1
h0,174.521,976.000239582139,1
h0,207.686,977.000243692765,1
h0,241.113,978.000234804266,1
h0,275.103,979.000238917645,1
h0,308.357,980.000243028568,1
h0,340.207,981.000247134808,1
h0,370.793,982.000238236833,1
