h0,400.615,955.000235336309,1
h0,354.643,956.000239182963,1
h0,308.84,957.000243030178,1
h0,263.107,958.000246877631,1
h0,217.485,959.000237725452,1
h0,171.968,960.000241573624,1
h0,126.472,961.000245421866,1
h0,81.1332,962.000236270631,1
h0,36.1086,963.000240120445,1
h0,9.23963,964.00024403082,1
h0,53.0294,965.000235176887,1
h0,96.8878,966.000239323183,1
h0,140.372,967.000243468232,1
h0,183.592,968.000234612396,1
h0,226.467,969.000238755412,1
h0,269.097,970.000242897611,1
h0,311.452,971.000247038891,1
h0,353.586,972.000238179437,1
