h0,401.902,949.0002373406,1
h0,377.724,950.000241259952,1
h0,353.737,951.000245179941,1
h0,329.908,952.000236100455,1
h0,306.149,953.000240021203,1
h0,282.282,954.000243941592,1
h0,256.921,955.000234856995,1
h0,230.321,956.000238768268,1
h0,204.049,957.000242680634,1
h0,178.255,958.000246594593,1
h0,152.908,959.000237510046,1
h0,127.914,960.000241426674,1
h0,103.26,961.00024534444,1
h0,78.9386,962.000236263311,1
h0,54.8938,963.000240183106,1
h0,31.2294,964.00024410417,1
h0,9.38855,965.000235031317,1
h0,17.9567,966.000239059897,1
h0,40.8881,967.000243136388,1
h0,64.741,968.000234215953,1
h0,88.9761,969.000238296792,1
h0,113.455,970.000242378446,1
h0,137.957,971.000246460174,1
h0,162.549,972.000237542206,1
h0,187.199,973.000241624428,1
h0,211.899,974.00024570682,1
h0,236.625,975.000236789296,1
h0,261.41,976.00024087197,1
h0,286.248,977.000244954821,1
h0,311.121,978.000236037787,1
h0,336.034,979.000240120888,1
h0,360.943,980.000244203978,1
