h0,382.967,960.00024227744,1
h0,346.119,961.00024615453,1
h0,309.213,962.000237031424,1
h0,272.364,963.000240908507,1
h0,235.605,964.000244785895,1
h0,199.179,965.000235664389,1
h0,164.208,966.000239547739,1
h0,130.732,967.000243436076,1
h0,98.6432,968.000234329038,1
h0,67.4513,969.000238224993,1
h0,36.5942,970.000242122065,1
h0,8.43312,971.00024602813,1
h0,25.1973,972.000237084049,1
h0,54.1176,973.000241180517,1
h0,82.8389,974.000245276321,1
h0,111.241,975.000236371059,1
h0,139.415,976.000240465039,1
h0,167.194,977.000244557698,1
h0,194.273,978.000235648026,1
h0,220.749,979.000239736341,1
h0,246.588,980.00024382253,1
h0,271.868,981.000234906854,1
h0,296.792,982.000238989991,1
h0,321.271,983.000243071645,1
h0,345.377,984.000247152054,1
h0,369.367,985.000238232076,1
