h0,394.53,958.000247316012,1
h0,366.736,959.000238223298,1
h0,338.859,960.000242130313,1
h0,310.903,961.000246037062,1
h0,282.849,962.000236943483,1
h0,254.713,963.000240849631,1
h0,226.532,964.000244755629,1
h0,198.301,965.00023566146,1
h0,170.028,966.000239567153,1
h0,141.758,967.000243472854,1
h0,113.452,968.000234378436,1
h0,85.1444,969.000238284011,1
h0,56.8226,970.00024218954,1
h0,28.5032,971.000246095076,1
h0,3.20106,972.000237010678,1
h0,28.7037,973.000241095745,1
h0,57.0759,974.000245190385,1
h0,85.4992,975.000236285195,1
h0,113.838,976.000240379721,1
h0,141.377,977.000244471582,1
h0,168.084,978.000235560668,1
h0,193.869,979.000239646679,1
h0,218.979,980.000243730437,1
h0,243.369,981.000234811791,1
h0,267.165,982.000238891166,1
h0,290.359,983.000242968533,1
h0,312.988,984.000247044016,1
h0,335.156,985.00023811796,1
h0,356.864,986.000242190369,1
h0,378.177,987.000246261461,1
