h0,386.104,947.000242287905,1
h0,347.708,948.000246159828,1
h0,310.599,949.000237036048,1
h0,275.02,950.000240917367,1
h0,240.459,951.000244802085,1
h0,206.566,952.00023568903,1
h0,173.689,953.000239579362,1
h0,141.721,954.00024347273,1
h0,110.524,955.000234368669,1
h0,79.9656,956.000238266737,1
h0,50.0138,957.000242166828,1
h0,20.6425,958.000246068856,1
h0,9.31282,959.000237031064,1
h0,37.6983,960.000241125748,1
h0,66.1197,961.000245220552,1
h0,94.5171,962.000236315275,1
h0,123.402,963.000240411626,1
h0,152.349,964.000244508182,1
h0,181.269,965.000235604648,1
h0,210.152,966.000239700991,1
h0,239.319,967.000243798283,1
h0,270.201,968.000234901292,1
h0,302.748,969.000239009859,1
h0,334.438,970.000243115566,1
h0,364.859,971.000247217038,1
