h0,398.301,947.000241328588,1
h0,369.104,948.000245231198,1
h0,339.92,949.000236133851,1
h0,310.857,950.000240036906,1
h0,281.808,951.00024394001,1
h0,252.77,952.00023484315,1
h0,223.81,953.000238746548,1
h0,194.953,954.000242650293,1
h0,166.018,955.000246553778,1
h0,137.076,956.000237457237,1
h0,108.19,957.000241360883,1
h0,79.3323,958.000245264624,1
h0,50.5434,959.000236168595,1
h0,22.1616,960.000240073923,1
h0,10.0316,961.000244033462,1
h0,37.2413,962.000235124224,1
h0,65.9493,963.000239219983,1
h0,94.7567,964.000243316074,1
h0,123.532,965.000234412059,1
h0,152.423,966.000238508427,1
h0,181.319,967.000242604815,1
h0,210.227,968.00024670124,1
h0,239.52,969.000237798953,1
h0,269.776,970.000241899877,1
h0,301.187,971.000246004653,1
h0,333.674,972.000237113016,1
h0,366.258,973.000241221705,1
