h0,395.753,950.000241320091,1
h0,370.048,951.000245234348,1
h0,344.378,952.000236148721,1
h0,318.531,953.000240062504,1
h0,291.528,954.000243972433,1
h0,263.534,955.000234879056,1
h0,235.367,956.000238785098,1
h0,205.238,957.0002426846,1
h0,172.443,958.000246575207,1
h0,136.811,959.000237456353,1
h0,100.259,960.00024133443,1
h0,63.279,961.000245211076,1
h0,25.4615,962.00023608493,1
h0,14.0525,963.000240046874,1
h0,52.9811,964.000244176726,1
h0,92.0051,965.000235306896,1
h0,130.903,966.000239436644,1
h0,169.693,967.000243566037,1
h0,208.385,968.000234695098,1
h0,247.127,969.000238824326,1
h0,285.145,970.000242951141,1
h0,321.651,971.000247072911,1
h0,356.758,972.000238190016,1
