h0,408.947,952.000236364102,1
h0,371.708,953.000240239884,1
h0,334.701,954.000244116441,1
h0,298.435,955.000234995471,1
h0,263.064,956.000238877487,1
h0,228.523,957.000242762272,1
h0,195.24,958.000246651251,1
h0,163.221,959.000237544446,1
h0,132.244,960.000241441119,1
h0,101.204,961.000245337581,1
h0,69.023,962.000236230236,1
h0,36.8394,963.000240122883,1
h0,5.65547,964.000244018865,1
h0,27.3858,965.000235091349,1
h0,58.9482,966.00023919663,1
h0,90.4662,967.000243301763,1
h0,121.697,968.000234405937,1
h0,152.593,969.000238508995,1
h0,183.185,970.000242611038,1
h0,213.458,971.000246712018,1
h0,243.292,972.000237811534,1
h0,272.862,973.00024191017,1
h0,302.14,974.00024600783,1
h0,331.138,975.000237104556,1
h0,360.579,976.000241202763,1
