h0,411.4,967.000244372282,1
h0,381.87,968.000235273782,1
h0,352.434,969.000239175592,1
h0,321.06,970.00024307094,1
h0,288.74,971.000246963131,1
h0,256.375,972.000237855174,1
h0,224.05,973.000241747352,1
h0,191.669,974.000245639337,1
h0,159.295,975.000236531351,1
h0,126.898,976.000240423286,1
h0,94.4913,977.000244315189,1
h0,62.0869,978.000235207099,1
h0,29.6922,979.000239099042,1
h0,4.36145,980.000243014548,1
h0,35.5904,981.000234118717,1
h0,68.0199,982.00023822689,1
h0,100.478,983.000242335157,1
h0,133.186,984.000246444261,1
h0,166.397,985.00023755504,1
h0,199.639,986.000241665924,1
h0,233.082,987.000245777478,1
h0,267.718,988.000236893012,1
h0,302.508,989.000241009057,1
h0,337.51,990.000245125811,1
h0,372.424,991.000236242273,1
