h0,383.768,957.000243280111,1
h0,343.906,958.000247147145,1
h0,304.211,959.00023801474,1
h0,264.959,960.000241883809,1
h0,226.222,961.000245754595,1
h0,186.879,962.000236623361,1
h0,146.37,963.000240488238,1
h0,105.684,964.000244352523,1
h0,65.3829,965.000235218094,1
h0,25.673,966.000239085636,1
h0,14.2677,967.000243047592,1
h0,52.9943,968.00023417677,1
h0,91.5737,969.000238305457,1
h0,129.923,970.000242433376,1
h0,167.944,971.0002465602,1
h0,205.751,972.000237686312,1
h0,243.358,973.000241811754,1
h0,280.811,974.000245936684,1
h0,318.098,975.000237061061,1
h0,355.314,976.0002411852,1
