h0,396.423,945.000247322326,1
h0,358.844,946.000238196976,1
h0,322.013,947.000242074121,1
h0,285.898,948.000245953654,1
h0,250.546,949.000236835732,1
h0,215.829,950.000240719928,1
h0,181.689,951.000244606048,1
h0,148.155,952.000235494192,1
h0,114.551,953.000239382102,1
h0,80.4142,954.000243268233,1
h0,46.3503,955.000234154608,1
h0,12.6306,956.000238042131,1
h0,22.1406,957.000242073853,1
h0,56.4013,958.000246188135,1
h0,91.2429,959.000237304354,1
h0,126.838,960.000241423085,1
h0,163.279,961.000245544642,1
h0,200.047,962.000236667284,1
h0,236.971,963.00024079045,1
h0,274.089,964.000244914262,1
h0,311.806,965.000236040073,1
h0,350.831,966.000240170248,1
