h0,399.932,954.00024433403,1
h0,362.602,955.000235209512,1
h0,325.302,956.000239085091,1
h0,287.975,957.000242960583,1
h0,250.65,958.000246836079,1
h0,213.305,959.000237711507,1
h0,175.738,960.000241586198,1
h0,136.454,961.000245455162,1
h0,95.3213,962.000236317958,1
h0,52.3786,963.000240174716,1
h0,8.08194,964.000244026958,1
h0,39.3582,965.000235131285,1
h0,86.9061,966.000239289888,1
h0,134.477,967.000243448567,1
h0,182.302,968.000234608094,1
h0,231.744,969.000238773015,1
h0,283.155,970.000242944504,1
h0,335.937,971.000247120564,1
