h0,397.979,972.000242327517,1
h0,372.149,973.000246241355,1
h0,346.607,974.000237156156,1
h0,321.309,975.000241071771,1
h0,296.236,976.000244988136,1
h0,271.303,977.00023590497,1
h0,246.041,978.000239820705,1
h0,219.44,979.000243731972,1
h0,192.158,980.00023464097,1
h0,165.352,981.000238551555,1
h0,138.877,982.000242463245,1
h0,112.895,983.000246376578,1
h0,87.0956,984.00023729052,1
h0,61.7281,985.000241205903,1
h0,36.8692,986.000245122982,1
h0,14.1972,987.000236047357,1
h0,17.229,988.00024005747,1
h0,40.2162,989.000244134147,1
h0,63.8817,990.000235213086,1
h0,86.3201,991.000239287933,1
h0,107.546,992.000243358734,1
h0,127.681,993.000234425898,1
h0,146.921,994.000238490076,1
h0,165.421,995.000242551784,1
h0,183.311,996.00024661146,1
h0,200.659,997.000237669327,1
h0,217.635,998.000241725953,1
h0,234.344,999.000245781686,1
h0,250.833,1000.000236836689,1
h0,267.182,1001.000240891223,1
h0,283.384,1002.000244945267,1
h0,299.499,1003.000235999022,1
h0,315.47,1004.000240052295,1
h0,332.785,1005.00024411005,1
h0,352.067,1006.00023517437,1
h0,373.484,1007.000239245808,1
