h0,412.83,975.000237377054,1
h0,385.813,976.000241286934,1
h0,358.964,977.000245197376,1
h0,332.262,978.000236108306,1
h0,306.071,979.000240020942,1
h0,280.471,980.000243935549,1
h0,255.431,981.000234852025,1
h0,230.922,982.000238770274,1
h0,206.991,983.000242690448,1
h0,183.24,984.000246611222,1
h0,157.61,985.000237525731,1
h0,131.732,986.000241439412,1
h0,107.127,987.000245357339,1
h0,83.6712,988.000236279097,1
h0,61.173,989.000240204051,1
h0,39.5794,990.000244132023,1
h0,19.4681,991.000235064938,1
h0,10.4388,992.00023903482,1
h0,26.6067,993.00024308875,1
h0,46.2968,994.00023415443,1
h0,66.2854,995.000238221104,1
h0,86.2872,996.000242287823,1
h0,106.281,997.000246354514,1
h0,126.272,998.000237421197,1
h0,146.236,999.00024148779,1
h0,166.091,1000.000245554019,1
h0,185.64,1001.000236619228,1
h0,205.016,1002.000240683859,1
h0,224.138,1003.000244747645,1
h0,243.072,1004.0002358108,1
h0,261.85,1005.000239873437,1
h0,280.486,1006.000243935601,1
h0,299.001,1007.000234997359,1
h0,317.469,1008.000239058963,1
h0,335.887,1009.000243120398,1
h0,354.271,1010.000247181719,1
h0,372.548,1011.000238242686,1
