h0,399.684,988.000237333202,1
h0,374.495,989.000241249182,1
h0,349.535,990.000245165924,1
h0,324.72,991.000236083149,1
h0,300.051,992.000240000863,1
h0,275.49,993.000243918934,1
h0,251.006,994.000234837265,1
h0,226.609,995.000238755887,1
h0,202.297,996.000242674791,1
h0,178.004,997.000246593757,1
h0,153.765,998.000237512906,1
h0,129.494,999.000241431946,1
h0,104.373,1000.000245348152,1
h0,77.0256,1001.00023625693,1
h0,48.0989,1002.000240160441,1
h0,19.877,1003.000244066303,1
h0,8.78346,1004.000235029298,1
h0,35.5843,1005.000239118696,1
h0,62.3543,1006.000243207991,1
h0,88.9228,1007.000234296614,1
h0,116.051,1008.000238387105,1
h0,143.705,1009.000242479349,1
h0,171.128,1010.000246570822,1
h0,198.26,1011.000237661324,1
h0,225.084,1012.000241750798,1
h0,251.604,1013.00024583926,1
h0,277.876,1014.000236926894,1
h0,305.188,1015.000241017997,1
h0,334.401,1016.000245115442,1
h0,366.371,1017.000236222081,1
