h0,47.1337,907.000237157221,1
h0,57.4744,908.000241191714,1
h0,64.5873,909.00024521544,1
h0,68.7137,910.000236229204,1
h0,71.8395,911.000240239631,1
h0,75.1131,912.00024425055,1
h0,79.0628,913.000235263725,1
h0,82.8787,914.000239276453,1
h0,84.8591,915.000243283059,1
h0,85.0499,916.000234283696,1
h0,83.3655,917.000238278077,1
h0,79.6793,918.000242265782,1
h0,73.9944,919.000246246819,1
h0,66.5827,920.000237222096,1
h0,59.8241,921.000241199552,1
h0,54.7503,922.000245182627,1
h0,51.0765,923.000236170373,1
h0,48.3753,924.000240161363,1
h0,46.4989,925.000244155104,1
h0,45.46,926.000235151638,1
h0,45.0555,927.000239150289,1
h0,44.665,928.000243148986,1
h0,44.2724,929.000234147677,1
h0,43.8664,930.000238146323,1
h0,43.3456,931.000242144585,1
h0,43.0476,932.000246143591,1
h0,42.6395,933.00023714223,1
h0,42.247,934.000241140921,1
h0,41.8429,935.000245139573,1
h0,41.4317,936.000236138201,1
h0,41.0265,937.00024013685,1
h0,40.6185,938.000244135489,1
h0,40.2218,939.000235134166,1
h0,39.8176,940.000239132817,1
h0,39.3952,941.000243131408,1
h0,38.9948,942.000234130073,1
h0,38.6228,943.000238128832,1
h0,38.3147,944.000242127804,1
h0,38.0464,945.000246126909,1
h0,37.7974,946.000237126079,1
h0,37.4716,947.000241124992,1
h0,36.9807,948.000245123354,1
h0,36.4066,949.000236121439,1
h0,35.7376,950.000240119208,1
h0,35.0428,951.00024411689,1
h0,34.3219,952.000235114486,1
h0,33.5802,953.000239112011,1
h0,32.8568,954.000243109598,1
h0,32.1281,955.000234107168,1
h0,31.4697,956.000238104972,1
h0,30.8436,957.000242102883,1
h0,30.2718,958.000246100976,1
h0,29.7213,959.00023709914,1
h0,29.2425,960.000241097543,1
h0,28.8011,961.00024509607,1
h0,28.4321,962.000236094839,1
h0,28.1057,963.000240093751,1
h0,27.81,964.000244092764,1
h0,27.5342,965.000235091844,1
h0,27.3199,966.000239091129,1
h0,27.1179,967.000243090455,1
h0,26.9566,968.000234089918,1
h0,26.795,969.000238089379,1
h0,26.6874,970.000242089019,1
h0,26.5805,971.000246088663,1
h0,26.489,972.000237088358,1
h0,26.3184,973.000241087789,1
h0,26.2391,974.000245087524,1
h0,26.297,975.000236087717,1
h0,26.2505,976.000240087562,1
h0,26.224,977.000244087474,1
h0,26.2143,978.000235087442,1
h0,26.1796,979.000239087326,1
h0,26.1596,980.000243087259,1
h0,26.1002,981.000234087061,1
h0,26.0843,982.000238087008,1
h0,26.0733,983.000242086971,1
h0,26.083,984.000246087003,1
h0,26.0603,985.000237086928,1
h0,26.0579,986.00024108692,1
h0,26.0664,987.000245086948,1
h0,26.0722,988.000236086967,1
h0,26.0462,989.000240086881,1
h0,26.0466,990.000244086882,1
h0,26.0312,991.000235086831,1
h0,26.0197,992.000239086792,1
h0,26.0338,993.000243086839,1
h0,26.0563,994.000234086915,1
h0,26.0343,995.000238086841,1
h0,26.0445,996.000242086875,1
h0,26.1854,997.000246087345,1
h0,26.5616,998.0002370886,1
h0,27.15,999.000241090563,1
