h0,401.924,973.000242340675,1
h0,376.697,974.000246256527,1
h0,351.553,975.000237172654,1
h0,327.632,976.000241092862,1
h0,305.133,977.000245017815,1
h0,283.935,978.000235947106,1
h0,263.853,979.00023988012,1
h0,244.753,980.000243816408,1
h0,226.454,981.000234755368,1
h0,208.849,982.000238696645,1
h0,191.834,983.000242639891,1
h0,175.261,984.000246584609,1
h0,158.548,985.00023752886,1
h0,140.938,986.000241470119,1
h0,122.179,987.000245407545,1
h0,102.09,988.000236340535,1
h0,80.8393,989.000240269651,1
h0,58.9227,990.000244196545,1
h0,35.564,991.000235118629,1
h0,12.2669,992.000239040918,1
h0,15.5293,993.0002430518,1
h0,39.4367,994.000234131547,1
h0,64.0865,995.000238213769,1
h0,88.8268,996.000242296294,1
h0,113.747,997.000246379419,1
h0,138.733,998.000237462764,1
h0,163.822,999.00024154645,1
h0,188.934,1000.000245630216,1
h0,214.043,1001.00023671397,1
h0,239.16,1002.000240797751,1
h0,264.378,1003.00024488187,1
h0,289.544,1004.000235965815,1
h0,314.722,1005.000240049801,1
h0,339.921,1006.000244133854,1
h0,365.121,1007.000235217911,1
