h0,396.676,954.000244323168,1
h0,364.677,955.000235216431,1
h0,333.13,956.000239111202,1
h0,302.23,957.000243008132,1
h0,272.834,958.000246910078,1
h0,244.979,959.000237817163,1
h0,218.512,960.000241728878,1
h0,193.215,961.000245644497,1
h0,168.939,962.000236563521,1
h0,145.556,963.000240485522,1
h0,122.936,964.000244410072,1
h0,100.918,965.000235336627,1
h0,79.3944,966.000239264831,1
h0,57.6708,967.000243192369,1
h0,35.4595,968.00023411828,1
h0,13.4613,969.000238044902,1
h0,10.1802,970.000242033957,1
h0,32.5782,971.000246108669,1
h0,55.2801,972.000237184395,1
h0,77.9631,973.000241260057,1
h0,100.782,974.000245336173,1
h0,124.275,975.000236414538,1
h0,148.52,976.000240495411,1
h0,173.824,977.000244579815,1
h0,200.398,978.000235668457,1
h0,228.404,979.000239761872,1
h0,257.384,980.000243858541,1
h0,286.544,981.000234955807,1
h0,315.85,982.000239053561,1
h0,346.148,983.000243154625,1
h0,377.806,984.000247260226,1
