h0,406.98,969.00023935754,1
h0,371.772,970.000243240097,1
h0,336.476,971.000247122362,1
h0,301.131,972.000238004465,1
h0,265.801,973.000241886618,1
h0,230.511,974.000245768901,1
h0,195.323,975.000236651528,1
h0,160.173,976.00024053428,1
h0,125.13,977.000244417388,1
h0,90.2155,978.000235300926,1
h0,55.4053,979.000239184812,1
h0,19.8795,980.000243066311,1
h0,17.9055,981.000234059726,1
h0,54.711,982.000238182496,1
h0,90.7099,983.000242302576,1
h0,125.771,984.000246419527,1
h0,159.963,985.000237533578,1
h0,193.305,986.000241644798,1
h0,225.923,987.000245753598,1
h0,257.861,988.00023686013,1
h0,289.109,989.000240964365,1
h0,319.845,990.000245066888,1
h0,350.082,991.000236167749,1
h0,379.904,992.000240267224,1
