h0,405.784,933.000238353549,1
h0,363.735,934.000242213288,1
h0,322.23,935.000246074842,1
h0,281.189,936.000236937947,1
h0,240.552,937.000240802395,1
h0,200.275,938.000244668047,1
h0,160.229,939.000235534465,1
h0,120.463,940.000239401822,1
h0,80.9096,941.000243269886,1
h0,41.5172,942.000234138486,1
h0,3.81904,943.000238012739,1
h0,37.2607,944.000242124288,1
h0,76.277,945.000246254433,1
h0,115.298,946.000237384594,1
h0,154.248,947.000241514517,1
h0,193.159,948.000245644308,1
h0,232.029,949.000236773965,1
h0,270.876,950.000240903545,1
h0,309.745,951.000245033199,1
h0,348.552,952.000236162643,1
