h0,371.133,938.000245237968,1
h0,320.897,939.000236070398,1
h0,271.283,940.000239904902,1
h0,222.215,941.00024374123,1
h0,173.666,942.000234579287,1
h0,125.526,943.00023841871,1
h0,78.5379,944.000242261974,1
h0,32.8218,945.000246109482,1
h0,12.3987,946.000237041357,1
h0,56.8671,947.000241189688,1
h0,102.74,948.000245342703,1
h0,148.072,949.000236493915,1
h0,192.155,950.000240640961,1
h0,235.024,951.000244783957,1
h0,276.842,952.000235923447,1
h0,317.723,953.00024005981,1
h0,357.822,954.000244193566,1
