h0,395.843,938.000245320389,1
h0,359.391,939.000236198801,1
h0,323.549,940.000240079243,1
h0,288.21,941.000243961365,1
h0,253.373,942.000234845162,1
h0,218.996,943.000238730493,1
h0,185.038,944.00024261722,1
h0,151.426,945.000246505101,1
h0,117.787,946.000237392896,1
h0,83.9561,947.000241280047,1
h0,50.1855,948.000245167401,1
h0,16.3157,949.000236054423,1
h0,18.8093,950.000240062741,1
h0,53.8621,951.000244179665,1
h0,89.3324,952.000235297981,1
h0,124.894,953.000239416601,1
h0,160.486,954.000243535324,1
h0,196.147,955.000234654275,1
h0,231.759,956.000238773063,1
h0,267.981,957.00024289389,1
h0,304.97,958.000247017269,1
h0,342.171,959.00023814136,1
h0,379.333,960.000242265318,1
