h0,413.717,951.000245380011,1
h0,367.553,952.000236226025,1
h0,321.362,953.000240071949,1
h0,275.142,954.000243917774,1
h0,228.88,955.000234763462,1
h0,182.699,956.000238609418,1
h0,136.983,957.000242456927,1
h0,91.7371,958.000246306002,1
h0,46.8602,959.000237156309,1
h0,4.06973,960.000241013575,1
h0,39.9425,961.000245133234,1
h0,80.2995,962.00023626785,1
h0,118.959,963.000240396805,1
h0,155.834,964.000244519807,1
h0,191.043,965.000235637252,1
h0,224.771,966.000239749754,1
h0,257.159,967.000243857791,1
h0,288.303,968.000234961675,1
h0,318.422,969.000239062143,1
h0,347.553,970.000243159313,1
h0,375.821,971.000247253602,1
