h0,410.962,982.000239370821,1
h0,389.515,983.000243299284,1
h0,368.503,984.000247229193,1
h0,347.962,985.000238160675,1
h0,327.451,986.000242092258,1
h0,306.016,987.000246020759,1
h0,284.134,988.000236947768,1
h0,262.836,989.000240876727,1
h0,242.001,990.000244807228,1
h0,221.71,991.000235739543,1
h0,201.782,992.000239673071,1
h0,182.221,993.000243607825,1
h0,162.749,994.000234542874,1
h0,142.49,995.000238475294,1
h0,121.682,996.000242405886,1
h0,100.408,997.000246334926,1
h0,78.5122,998.000237261889,1
h0,56.0226,999.000241186871,1
h0,33.3011,1000.00024511108,1
h0,10.5618,1001.00023603523,1
h0,13.63,1002.000240045465,1
h0,36.834,1003.000244122865,1
h0,60.1816,1004.000235200744,1
h0,83.4904,1005.000239278494,1
h0,106.814,1006.000243356293,1
h0,130.013,1007.000234433678,1
h0,153.147,1008.000238510844,1
h0,176.551,1009.000242588912,1
h0,200.515,1010.000246668847,1
h0,224.538,1011.000237748978,1
h0,248.283,1012.000241828183,1
h0,271.857,1013.000245906817,1
h0,295.197,1014.00023698467,1
h0,318.258,1015.000241061593,1
h0,341.024,1016.000245137532,1
h0,363.355,1017.000236212021,1
