h0,406.07,953.000240354504,1
h0,369.816,954.000244233573,1
h0,333.595,955.000235112754,1
h0,297.367,956.000238991911,1
h0,261.106,957.000242870956,1
h0,224.864,958.000246750066,1
h0,188.646,959.000237629256,1
h0,152.638,960.000241509144,1
h0,116.81,961.000245389637,1
h0,81.1881,962.000236270814,1
h0,45.812,963.000240152812,1
h0,10.9701,964.000244036592,1
h0,24.6936,965.000235082369,1
h0,59.3153,966.000239197854,1
h0,93.801,967.000243312886,1
h0,128.799,968.000234429626,1
h0,164.656,969.000238549235,1
h0,200.568,970.000242669023,1
h0,236.121,971.000246787615,1
h0,271.346,972.000237905114,1
h0,306.197,973.000242021365,1
h0,340.759,974.00024613665,1
h0,375.025,975.000237250948,1
