h0,404.314,943.000239348647,1
h0,369.309,944.000243231883,1
h0,332.854,945.000247110283,1
h0,294.58,946.000237982613,1
h0,256.138,947.000241854384,1
h0,219.169,948.000245731069,1
h0,183.823,949.000236613169,1
h0,149.849,950.000240499841,1
h0,117.033,951.000244390381,1
h0,85.1226,952.000235283939,1
h0,54.0129,953.000239180168,1
h0,24.0014,954.00024308006,1
h0,8.94446,955.000234029836,1
h0,35.151,956.000238117251,1
h0,62.3212,957.000242207881,1
h0,88.9343,958.000246296653,1
h0,114.935,959.000237383383,1
h0,140.503,960.000241468667,1
h0,165.58,961.000245552317,1
h0,190.376,962.000236635024,1
h0,214.833,963.000240716606,1
h0,239.028,964.00024479731,1
h0,262.966,965.000235877159,1
h0,286.748,966.000239956487,1
h0,310.404,967.000244035395,1
h0,333.962,968.000235113978,1
h0,357.394,969.000239192137,1
