h0,398.985,974.000246330872,1
h0,377.324,975.000237258619,1
h0,355.618,976.000241186214,1
h0,333.937,977.000245113894,1
h0,312.251,978.000236041556,1
h0,290.568,979.000239969232,1
h0,268.922,980.000243897026,1
h0,247.297,981.000234824894,1
h0,225.694,982.000238752834,1
h0,204.115,983.000242680853,1
h0,182.603,984.000246609099,1
h0,161.169,985.000237537602,1
h0,139.686,986.000241465942,1
h0,118.205,987.000245394289,1
h0,96.4825,988.000236321831,1
h0,74.7038,989.000240249185,1
h0,52.9044,990.00024417647,1
h0,30.9965,991.000235103393,1
h0,9.42344,992.000239031433,1
h0,13.5837,993.00024304531,1
h0,35.4769,994.000234118338,1
h0,57.6223,995.000238192207,1
h0,79.9018,996.000242266524,1
h0,102.192,997.000246340877,1
h0,124.558,998.000237415481,1
h0,147.011,999.000241490376,1
h0,169.595,1000.00024556571,1
h0,192.788,1001.00023664307,1
h0,216.786,1002.000240723121,1
h0,240.905,1003.000244803574,1
h0,265.011,1004.000235883983,1
h0,289.198,1005.000239964661,1
h0,313.365,1006.000244045273,1
h0,337.473,1007.00023512569,1
h0,361.539,1008.000239205963,1
