h0,204.869,901.00029168337,1
h0,224.032,902.00024374729,1
h0,240.972,903.000234803797,1
h0,256.085,904.000238854208,1
h0,269.047,905.000242897444,1
h0,279.949,906.00024693381,1
h0,288.774,907.000237963246,1
h0,295.712,908.000241986389,1
h0,300.762,909.000246003234,1
h0,303.853,910.000237013543,1
h0,307.012,911.000241024082,1
h0,310.347,912.000245035206,1
h0,313.554,913.000236045903,1
h0,316.316,914.000240055117,1
h0,318.541,915.000244062539,1
h0,320.144,916.000235067886,1
h0,321.364,917.000239071954,1
h0,322.5,918.000243075745,1
h0,323.95,919.000247080581,1
h0,325.616,920.000238086136,1
h0,328.359,921.000242095287,1
h0,332.242,922.00024610824,1
h0,337.011,923.000237124146,1
h0,342.501,924.00024114246,1
h0,348.596,925.000245162793,1
h0,353.795,926.000236180134,1
h0,358.149,927.000240194655,1
h0,362.031,928.000244207605,1
h0,365.405,929.000235218858,1
h0,368.478,930.000239229111,1
h0,371.263,931.000243238401,1
h0,373.869,932.000247247093,1
h0,376.228,933.000238254963,1
h0,378.42,934.000242262275,1
h0,380.454,935.000246269058,1
h0,382.424,936.000237275631,1
h0,384.232,937.000241281659,1
h0,385.916,938.000245287278,1
h0,387.529,939.000236292657,1
h0,389.154,940.000240298079,1
h0,390.665,941.000244303118,1
h0,392.664,942.000235309786,1
h0,395.182,943.000239318184,1
h0,397.599,944.000243326249,1
h0,396.78,955.000235323517,1
h0,394.271,956.000239315146,1
h0,391.171,957.000243304807,1
h0,387.557,958.000247292752,1
h0,383.409,959.000238278916,1
h0,378.855,960.000242263725,1
h0,374.327,961.000246248622,1
h0,370.151,962.000237234692,1
h0,364.773,963.000241216751,1
h0,358.436,964.000245195615,1
h0,351.283,965.000236171753,1
h0,343.557,966.000240145982,1
h0,335.604,967.000244119453,1
h0,327.561,968.000235092625,1
h0,319.545,969.000239065887,1
h0,311.553,970.000243039228,1
h0,303.695,971.000247013016,1
h0,295.937,972.000237987138,1
h0,288.331,973.000241961768,1
h0,280.885,974.000245936933,1
h0,273.593,975.000236912608,1
h0,266.118,976.000240887674,1
h0,258.048,977.000244860757,1
h0,249.616,978.00023583263,1
h0,241.02,979.000239803958,1
h0,232.346,980.000243775024,1
h0,223.554,981.000234745696,1
h0,214.657,982.00023871602,1
h0,205.786,983.000242686429,1
h0,196.929,984.000246656886,1
h0,188.1,985.000237627433,1
h0,179.337,986.000241598204,1
h0,170.594,987.000245569041,1
h0,161.88,988.000236539972,1
h0,153.274,989.000240511267,1
h0,144.78,990.000244482932,1
h0,136.382,991.000235454923,1
h0,128.1,992.000239427297,1
h0,119.913,993.000243399986,1
h0,111.843,994.000234373068,1
h0,103.769,995.000238346137,1
h0,95.9849,996.000242320171,1
h0,88.327,997.000246294627,1
h0,80.7866,998.000237269475,1
h0,73.3796,999.000241244768,1
h0,66.1248,1000.000245220569,1
h0,58.9863,1001.000236196757,1
h0,52.0884,1002.000240173748,1
h0,45.2032,1003.000244150782,1
h0,38.3789,1004.000235128018,1
h0,31.6736,1005.000239105652,1
h0,25.0656,1006.00024308361,1
h0,18.5904,1007.000234062011,1
h0,12.3555,1008.000238041214,1
h0,6.56505,1009.000242021899,1
h0,3.21491,1010.000246010724,1
h0,6.87485,1011.000237022932,1
h0,12.0959,1012.000241040348,1
h0,17.4072,1013.000245058064,1
h0,22.5158,1014.000236075105,1
h0,27.4877,1015.000240091689,1
h0,32.302,1016.000244107748,1
h0,36.947,1017.000235123242,1
h0,41.3351,1018.000239137879,1
h0,45.6098,1019.000243152138,1
h0,49.6851,1020.000234165732,1
h0,53.5549,1021.00023817864,1
h0,57.1798,1022.000242190731,1
h0,60.596,1023.000246202126,1
h0,63.8308,1024.000237212917,1
h0,67.4302,1025.000241224923,1
h0,71.5751,1026.000245238749,1
h0,75.5184,1027.000236251902,1
h0,79.2386,1028.000240264311,1
h0,82.7772,1029.000244276115,1
h0,86.2506,1030.000235287701,1
h0,89.7687,1031.000239299436,1
h0,93.7585,1032.000243312745,1
h0,98.4163,1033.000234328281,1
h0,104.039,1034.000238347037,1
h0,110.839,1035.000242369718,1
h0,119.147,1036.000246397432,1
h0,128.522,1037.000237428703,1
h0,139.368,1038.000241464883,1
h0,152.219,1039.000245507747,1
