h0,9.13207,903.000234030461,1
h0,14.2632,904.000238047577,1
h0,19.2654,905.000242064263,1
h0,24.0696,906.000246080288,1
h0,28.2924,907.000237094373,1
h0,30.0189,908.000241100132,1
h0,29.1938,909.00024509738,1
h0,26.6759,910.000236088981,1
h0,23.8845,911.00024007967,1
h0,23.7629,912.000244079264,1
h0,26.805,913.000235089412,1
h0,31.2024,914.00023910408,1
h0,35.4022,915.000243118089,1
h0,39.3442,916.000234131238,1
h0,43.0075,917.000238143457,1
h0,46.3395,918.000242154572,1
h0,49.4121,919.000246164821,1
h0,52.1977,920.000237174113,1
h0,54.7177,921.000241182519,1
h0,57.0117,922.00024519017,1
h0,59.0443,923.000236196951,1
h0,62.235,924.000240207594,1
h0,67.2379,925.000244224281,1
h0,71.9431,926.000235239976,1
h0,75.3889,927.00023925147,1
h0,77.756,928.000243259366,1
h0,79.2804,929.000234264451,1
h0,80.0913,930.000238267156,1
h0,80.3582,931.000242268046,1
h0,80.2275,932.00024626761,1
h0,79.7913,933.000237266155,1
h0,79.1135,934.000241263894,1
h0,78.3125,935.000245261222,1
h0,77.3836,936.000236258124,1
h0,76.3062,937.00024025453,1
h0,75.2016,938.000244250845,1
h0,74.0332,939.000235246948,1
h0,72.8731,940.000239243079,1
h0,71.6568,941.000243239021,1
h0,70.4431,942.000234234973,1
h0,69.224,943.000238230906,1
h0,67.9624,944.000242226698,1
h0,66.7558,945.000246222673,1
h0,65.4885,946.000237218446,1
h0,64.2388,947.000241214277,1
h0,63.0098,948.000245210178,1
h0,61.6469,949.000236205632,1
h0,60.372,950.000240201379,1
h0,59.097,951.000244197126,1
h0,57.8953,952.000235193118,1
h0,56.6337,953.00023918891,1
h0,55.3709,954.000243184697,1
h0,53.6611,955.000234178994,1
h0,50.081,956.000238167052,1
h0,44.4437,957.000242148248,1
h0,36.8185,958.000246122813,1
h0,27.2211,959.0002370908,1
h0,16.9163,960.000241056427,1
h0,7.1165,961.000245023738,1
h0,5.05032,962.000236016846,1
h0,13.6504,963.000240045533,1
h0,21.6357,964.000244072169,1
h0,27.5811,965.000235092001,1
h0,31.4199,966.000239104806,1
h0,33.1981,967.000243110737,1
h0,33.1922,968.000234110717,1
h0,31.8523,969.000238106248,1
h0,30.7391,970.000242102534,1
h0,29.9551,971.00024609992,1
h0,29.5227,972.000237098477,1
h0,29.2526,973.000241097576,1
h0,28.9962,974.000245096721,1
h0,28.8115,975.000236096105,1
h0,28.6654,976.000240095617,1
h0,28.5353,977.000244095184,1
h0,28.43,978.000235094832,1
h0,28.3568,979.000239094588,1
h0,28.3065,980.00024309442,1
h0,28.2471,981.000234094222,1
h0,28.2106,982.000238094101,1
h0,28.1589,983.000242093928,1
h0,28.1342,984.000246093846,1
h0,28.0723,985.000237093639,1
h0,27.8946,986.000241093046,1
h0,27.6419,987.000245092203,1
h0,27.3591,988.00023609126,1
h0,27.0472,989.00024009022,1
h0,26.7364,990.000244089183,1
h0,26.4358,991.00023508818,1
h0,26.2022,992.000239087401,1
h0,25.9605,993.000243086595,1
h0,25.7766,994.000234085982,1
h0,25.5902,995.00023808536,1
h0,25.4632,996.000242084936,1
h0,25.3114,997.00024608443,1
h0,25.1472,998.000237083882,1
h0,25.0217,999.000241083464,1
h0,24.8727,1000.000245082966,1
h0,24.7428,1001.000236082533,1
h0,24.6141,1002.000240082104,1
h0,24.4788,1003.000244081653,1
h0,24.3247,1004.000235081139,1
h0,24.1925,1005.000239080698,1
h0,24.028,1006.000243080149,1
h0,24.0454,1007.000234080207,1
h0,24.1673,1008.000238080613,1
h0,24.2231,1009.000242080799,1
h0,24.268,1010.000246080949,1
h0,24.236,1011.000237080843,1
h0,24.1035,1012.000241080401,1
h0,24.1605,1013.000245080591,1
h0,24.1056,1014.000236080408,1
h0,23.9912,1015.000240080026,1
h0,23.9016,1016.000244079727,1
h0,23.8661,1017.000235079609,1
h0,23.8871,1018.000239079679,1
h0,24.0079,1019.000243080082,1
h0,24.3936,1020.000234081368,1
h0,24.9202,1021.000238083125,1
h0,25.3122,1022.000242084432,1
h0,25.5872,1023.00024608535,1
h0,25.7875,1024.000237086018,1
h0,25.8896,1025.000241086358,1
h0,25.978,1026.000245086653,1
h0,26.0327,1027.000236086836,1
h0,26.0479,1028.000240086886,1
h0,26.0457,1029.000244086879,1
h0,26.1386,1030.000235087189,1
h0,26.3325,1031.000239087836,1
h0,26.5896,1032.000243088693,1
h0,26.8277,1033.000234089487,1
h0,27.0108,1034.000238090098,1
h0,27.1768,1035.000242090652,1
h0,27.3108,1036.000246091099,1
h0,27.4246,1037.000237091479,1
h0,27.688,1038.000241092357,1
