h0,390.965,945.000247304118,1
h0,356.908,946.000238190517,1
h0,322.386,947.000242075364,1
h0,287.782,948.000245959938,1
h0,253.115,949.000236844299,1
h0,218.42,950.000240728572,1
h0,183.569,951.000244612319,1
h0,148.687,952.000235495965,1
h0,113.797,953.000239379584,1
h0,78.8969,954.000243263172,1
h0,43.9369,955.000234146558,1
h0,9.36036,956.000238031223,1
h0,26.5666,957.000242088617,1
h0,62.3502,958.000246207978,1
h0,98.5739,959.000237328807,1
h0,134.956,960.000241450166,1
h0,171.43,961.000245571828,1
h0,207.959,962.000236693676,1
h0,244.481,963.000240815501,1
h0,281.109,964.000244937678,1
h0,317.695,965.000236059717,1
h0,354.426,966.000240182238,1
