h0,36.3726,906.000246121326,1
h0,47.0275,907.000237156867,1
h0,57.4931,908.000241191776,1
h0,67.5337,909.000245225268,1
h0,75.7892,910.000236252805,1
h0,81.4727,911.000240271764,1
h0,86.6395,912.000244288998,1
h0,90.7272,913.000235302633,1
h0,91.9799,914.000239306812,1
h0,92.0861,915.000243307166,1
h0,91.3204,916.000234304612,1
h0,89.8176,917.000238299599,1
h0,87.7958,918.000242292855,1
h0,85.2143,919.000246284244,1
h0,82.3881,920.000237274817,1
h0,78.8766,921.000241263104,1
h0,74.1586,922.000245247366,1
h0,67.7734,923.000236226068,1
h0,61.1834,924.000240204086,1
h0,55.4734,925.000244185039,1
h0,50.9174,926.000235169842,1
h0,48.092,927.000239160418,1
h0,45.8426,928.000243152914,1
h0,43.6323,929.000234145542,1
h0,41.5794,930.000238138694,1
h0,39.7616,931.00024213263,1
h0,38.1378,932.000246127214,1
h0,36.7529,933.000237122595,1
h0,35.6416,934.000241118888,1
h0,34.8008,935.000245116083,1
h0,34.1674,936.00023611397,1
h0,33.7907,937.000240112714,1
h0,33.7133,938.000244112456,1
h0,33.8547,939.000235112927,1
h0,34.2021,940.000239114086,1
h0,34.6663,941.000243115634,1
h0,35.2141,942.000234117462,1
h0,35.7956,943.000238119401,1
h0,36.2436,944.000242120896,1
h0,36.7486,945.00024612258,1
h0,37.1854,946.000237124037,1
h0,37.6976,947.000241125746,1
h0,38.0358,948.000245126874,1
h0,38.3581,949.000236127949,1
h0,38.6351,950.000240128873,1
h0,38.8447,951.000244129572,1
h0,39.0198,952.000235130156,1
h0,39.1798,953.00023913069,1
h0,39.3293,954.000243131188,1
h0,39.461,955.000234131628,1
h0,39.5773,956.000238132016,1
h0,39.6719,957.000242132331,1
h0,39.7772,958.000246132683,1
h0,39.8057,959.000237132778,1
h0,39.8581,960.000241132952,1
h0,39.8784,961.00024513302,1
h0,39.8929,962.000236133068,1
h0,39.9383,963.00024013322,1
h0,39.9552,964.000244133276,1
h0,39.9347,965.000235133208,1
h0,39.9579,966.000239133285,1
h0,39.9794,967.000243133357,1
h0,39.9921,968.000234133399,1
h0,39.998,969.000238133419,1
h0,40.0718,970.000242133665,1
h0,40.6672,971.000246135651,1
h0,41.7436,972.000237139242,1
h0,43.1592,973.000241143963,1
h0,44.5831,974.000245148713,1
h0,45.7937,975.000236152751,1
h0,46.8541,976.000240156289,1
h0,47.788,977.000244159403,1
h0,48.5797,978.000235162044,1
h0,49.2849,979.000239164397,1
h0,49.8842,980.000243166396,1
h0,50.4666,981.000234168338,1
h0,50.9067,982.000238169806,1
h0,51.3115,983.000242171157,1
h0,51.6588,984.000246172315,1
h0,51.9438,985.000237173266,1
h0,52.202,986.000241174127,1
h0,52.3542,987.000245174635,1
h0,52.1381,988.000236173914,1
h0,51.5844,989.000240172067,1
h0,50.8092,990.000244169481,1
h0,49.8328,991.000235166224,1
h0,48.9802,992.00023916338,1
h0,48.2289,993.000243160874,1
h0,47.328,994.000234157869,1
h0,46.3074,995.000238154465,1
h0,45.423,996.000242151515,1
h0,45.1789,997.0002461507,1
h0,44.715,998.000237149153,1
h0,44.0135,999.000241146813,1
h0,43.1514,1000.000245143938,1
h0,42.1458,1001.000236140583,1
h0,41.0911,1002.000240137065,1
h0,39.9719,1003.000244133332,1
h0,38.9431,1004.0002351299,1
h0,38.0547,1005.000239126937,1
h0,37.245,1006.000243124236,1
h0,36.7532,1007.000234122595,1
h0,36.685,1008.000238122368,1
h0,36.062,1009.00024212029,1
h0,34.2686,1010.000246114308,1
h0,31.8063,1011.000237106094,1
h0,28.8108,1012.000241096102,1
h0,25.4521,1013.000245084899,1
h0,21.8861,1014.000236073004,1
h0,18.2017,1015.000240060714,1
h0,14.4574,1016.000244048225,1
h0,10.7814,1017.000235035963,1
h0,7.23522,1018.000239024134,1
h0,4.01744,1019.000243013401,1
h0,3.80655,1020.000234012697,1
h0,7.77188,1021.000238025924,1
h0,13.0054,1022.000242043381,1
h0,18.8101,1023.000246062744,1
h0,25.0535,1024.00023708357,1
h0,31.6436,1025.000241105552,1
h0,38.5316,1026.000245128528,1
h0,45.696,1027.000236152425,1
h0,53.06,1028.000240176989,1
h0,60.6054,1029.000244202158,1
h0,68.3425,1030.000235227966,1
h0,76.0969,1031.000239253832,1
h0,83.8563,1032.000243279715,1
h0,91.7484,1033.00023430604,1
h0,99.8494,1034.000238333062,1
h0,108.029,1035.000242360346,1
h0,116.315,1036.000246387984,1
h0,124.594,1037.0002374156,1
h0,132.803,1038.000241442982,1
h0,140.934,1039.000245470104,1
h0,148.988,1040.000236496972,1
h0,156.991,1041.000240523667,1
h0,165.182,1042.000244550989,1
h0,173.443,1043.000235578543,1
h0,181.75,1044.000239606251,1
h0,190.075,1045.000243634021,1
h0,198.485,1046.000234662074,1
h0,206.605,1047.000238689161,1
h0,213.346,1048.000242711647,1
h0,218.25,1049.000246728004,1
h0,222.543,1050.000237742322,1
h0,227.418,1051.000241758586,1
h0,233.583,1052.00024577915,1
h0,241.253,1053.000236804732,1
h0,249.99,1054.000240833878,1
