h0,412.866,976.000241377174,1
h0,390.875,977.000245303818,1
h0,369.167,978.000236231409,1
h0,347.829,979.000240160232,1
h0,326.829,980.000244090183,1
h0,306.133,981.000235021149,1
h0,285.705,982.000238953011,1
h0,265.576,983.000242885866,1
h0,245.741,984.000246819704,1
h0,226.149,985.00023775435,1
h0,206.715,986.000241689527,1
h0,187.379,987.00024562503,1
h0,168.124,988.0002365608,1
h0,148.883,989.000240496621,1
h0,129.579,990.000244432228,1
h0,110.292,991.000235367895,1
h0,90.9515,992.000239303381,1
h0,71.6232,993.000243238909,1
h0,52.2468,994.000234174276,1
h0,32.959,995.000238109939,1
h0,14.3131,996.000242047743,1
h0,9.33759,997.000246031147,1
h0,27.1829,998.000237090672,1
h0,46.5463,999.000241155262,1
h0,66.1312,1000.00024522059,1
h0,85.8382,1001.000236286325,1
h0,105.618,1002.000240352303,1
h0,125.412,1003.000244418329,1
h0,145.245,1004.000235484486,1
h0,165.116,1005.000239550767,1
h0,185.011,1006.000243617129,1
h0,204.934,1007.000234683585,1
h0,224.869,1008.000238750082,1
h0,244.826,1009.000242816652,1
h0,264.798,1010.000246883271,1
h0,284.813,1011.000237950035,1
h0,304.805,1012.00024201672,1
h0,324.871,1013.000246083654,1
h0,344.928,1014.000237150555,1
h0,364.892,1015.00024121715,1
