h0,389.664,948.00024629978,1
h0,353.045,949.00023717763,1
h0,316.42,950.000241055463,1
h0,279.735,951.000244933097,1
h0,243.031,952.000235810663,1
h0,206.298,953.000239688137,1
h0,169.565,954.000243565608,1
h0,132.841,955.000234443111,1
h0,96.1079,956.000238320581,1
h0,59.4055,957.000242198155,1
h0,22.8047,958.000246076068,1
h0,14.5281,959.000237048461,1
h0,51.4761,960.000241171706,1
h0,90.1851,961.000245300825,1
h0,130.562,962.000236435509,1
h0,171.255,963.000240571244,1
h0,212.01,964.000244707189,1
h0,252.825,965.000235843334,1
h0,293.714,966.000239979726,1
h0,334.705,967.000244116457,1
h0,374.861,968.000235250401,1
