h0,409.874,980.000244367191,1
h0,390.359,981.000235302097,1
h0,371.07,982.000239237757,1
h0,352.076,983.000243174401,1
h0,333.369,984.000247112001,1
h0,314.91,985.000238050428,1
h0,296.78,986.000241989952,1
h0,278.913,987.000245930353,1
h0,261.288,988.000236871562,1
h0,243.905,989.000240813581,1
h0,226.714,990.000244756237,1
h0,209.732,991.000235699591,1
h0,192.934,992.000239643559,1
h0,176.304,993.000243588087,1
h0,159.765,994.000234532918,1
h0,143.406,995.00023847835,1
h0,127.149,996.000242424123,1
h0,110.921,997.000246369993,1
h0,94.6892,998.000237315849,1
h0,76.8417,999.000241256316,1
h0,56.7695,1000.000245189363,1
h0,36.631,1001.000236122188,1
h0,17.6287,1002.000240058803,1
h0,6.90871,1003.000244023045,1
h0,22.0466,1004.00023507354,1
h0,39.637,1005.000239132215,1
h0,57.086,1006.000243190419,1
h0,74.6081,1007.000234248866,1
h0,93.4053,1008.000238311567,1
h0,113.763,1009.000242379472,1
h0,135.233,1010.000246451088,1
h0,158.097,1011.000237527353,1
h0,182.424,1012.000241608501,1
h0,207.065,1013.000245690695,1
h0,231.591,1014.000236772504,1
h0,256.122,1015.000240854331,1
h0,280.923,1016.000244937058,1
h0,306.177,1017.000236021295,1
h0,331.56,1018.000240105964,1
h0,357.068,1019.000244191052,1
