h0,402.728,945.000247343355,1
h0,365.166,946.000238218064,1
h0,327.966,947.000242093978,1
h0,291.041,948.00024597081,1
h0,254.275,949.000236848171,1
h0,217.698,950.000240726162,1
h0,181.261,951.00024460462,1
h0,144.942,952.000235483474,1
h0,108.734,953.000239362697,1
h0,72.6628,954.000243242377,1
h0,36.9092,955.000234123116,1
h0,6.40635,956.000238021369,1
h0,36.3222,957.000242121158,1
h0,72.0612,958.00024624037,1
h0,107.744,959.000237359396,1
h0,142.534,960.000241475441,1
h0,176.392,961.000245588379,1
h0,209.304,962.000236698164,1
h0,241.26,963.000240804758,1
h0,272.541,964.000244909098,1
h0,303.14,965.000236011165,1
h0,333.104,966.000240111114,1
h0,362.548,967.000244209329,1
