h0,390.679,965.000236303166,1
h0,365.541,966.000240219314,1
h0,340.74,967.000244136585,1
h0,316.135,968.000235054514,1
h0,291.741,969.000238973143,1
h0,267.52,970.00024289235,1
h0,242.621,971.000246809297,1
h0,215.804,972.000237719846,1
h0,187.249,973.000241624595,1
h0,158.221,974.00024552777,1
h0,128.98,975.000236430231,1
h0,99.669,976.00024033246,1
h0,70.3865,977.000244234784,1
h0,40.8272,978.000235136185,1
h0,10.9921,979.000239036666,1
h0,25.2589,980.000243084255,1
h0,60.1267,981.000234200561,1
h0,97.3547,982.00023832474,1
h0,136.616,983.000242455703,1
h0,176.81,984.000246589775,1
h0,215.325,985.000237718247,1
h0,252.195,986.000241841233,1
h0,287.459,987.000245958859,1
h0,320.546,988.000237069225,1
h0,352.413,989.000241175524,1
