h0,394.974,949.000237317491,1
h0,369.161,950.000241231388,1
h0,343.502,951.0002451458,1
h0,317.984,952.00023606068,1
h0,292.598,953.000239976003,1
h0,267.369,954.000243891845,1
h0,242.239,955.000234808023,1
h0,217.176,956.000238724422,1
h0,192.187,957.000242641066,1
h0,167.237,958.000246557843,1
h0,142.356,959.000237474848,1
h0,117.551,960.000241392109,1
h0,92.8146,961.000245309596,1
h0,68.1363,962.000236227278,1
h0,43.503,963.000240145111,1
h0,19.3253,964.000244064462,1
h0,9.13193,965.000235030461,1
h0,31.9308,966.00023910651,1
h0,56.3752,967.000243188047,1
h0,80.9644,968.000234270068,1
h0,105.65,969.000238352409,1
h0,130.328,970.000242434727,1
h0,155.024,971.000246517105,1
h0,179.707,972.000237599436,1
h0,204.399,973.000241681802,1
h0,229.1,974.000245764195,1
h0,253.811,975.000236846622,1
h0,278.514,976.000240929023,1
h0,303.19,977.000245011333,1
h0,327.905,978.000236093773,1
h0,352.6,979.000240176148,1
h0,377.315,980.000244258586,1
