h0,384.178,950.000241281479,1
h0,351.902,951.00024517382,1
h0,320.392,952.000236068714,1
h0,289.553,953.000239965846,1
h0,259.321,954.000243865,1
h0,229.563,955.000234765739,1
h0,199.453,956.000238665303,1
h0,167.654,957.000242559232,1
h0,135.39,958.000246451612,1
h0,104.046,959.00023734706,1
h0,73.5451,960.00024124532,1
h0,43.7661,961.000245145988,1
h0,14.7347,962.00023604915,1
h0,14.8089,963.000240049397,1
h0,43.0708,964.000244143669,1
h0,71.2009,965.000235237501,1
h0,99.1544,966.000239330743,1
h0,126.881,967.000243423228,1
h0,154.518,968.000234515416,1
h0,182.161,969.000238607622,1
h0,211.045,970.000242703972,1
h0,241.36,971.000246805091,1
h0,271.94,972.000237907093,1
h0,302.52,973.000242009097,1
h0,333.137,974.000246111224,1
h0,364.228,975.000237214935,1
