h0,398.06,971.000247327787,1
h0,362.208,972.000238208197,1
h0,324.486,973.00024208237,1
h0,284.935,974.000245950442,1
h0,243.835,975.000236813348,1
h0,203.869,976.000240680034,1
h0,165.225,977.000244551131,1
h0,127.746,978.000235426114,1
h0,91.2227,979.000239304286,1
h0,55.5885,980.000243185423,1
h0,20.7528,981.000234069224,1
h0,14.1751,982.000238047283,1
h0,47.7619,983.000242159316,1
h0,81.0969,984.00024627051,1
h0,114.186,985.000237380885,1
h0,146.987,986.000241490294,1
h0,179.562,987.000245598954,1
h0,211.949,988.000236706985,1
h0,244.195,989.000240814548,1
h0,276.773,990.000244923215,1
h0,309.657,991.000236032905,1
h0,342.624,992.000240142871,1
h0,375.525,993.000244252617,1
