h0,405.765,947.000242353487,1
h0,367.27,948.000246225082,1
h0,328.795,949.000237096743,1
h0,290.332,950.000240968444,1
h0,251.884,951.000244840194,1
h0,213.444,952.000235711973,1
h0,175.05,953.000239583903,1
h0,136.659,954.000243455844,1
h0,98.2583,955.000234327754,1
h0,60.3563,956.000238201327,1
h0,24.6109,957.000242082093,1
h0,9.98276,958.000246033299,1
h0,41.5976,959.000237138755,1
h0,71.9712,960.00024124007,1
h0,100.993,961.000245336876,1
h0,128.767,962.000236429521,1
h0,155.529,963.000240518788,1
h0,181.353,964.000244604929,1
h0,206.887,965.000235690101,1
h0,233.407,966.000239778563,1
h0,261.234,967.000243871381,1
h0,290.54,968.000234969137,1
h0,320.324,969.000239068487,1
h0,350.07,970.000243167708,1
h0,379.746,971.000247266697,1
