h0,159.654,901.000291532548,1
h0,180.795,902.000243603067,1
h0,201.764,903.000234673012,1
h0,222.704,904.000238742861,1
h0,242.71,905.000242809594,1
h0,259.856,906.000246866787,1
h0,273.291,907.000237911602,1
h0,283.348,908.000241945147,1
h0,290.663,909.000245969547,1
h0,296.575,910.000236989267,1
h0,301.355,911.000241005213,1
h0,305.306,912.00024501839,1
h0,308.511,913.000236029082,1
h0,310.237,914.000240034839,1
h0,309.816,915.000244033436,1
h0,309.084,916.000235030994,1
h0,309.531,917.000239032483,1
h0,311.277,918.000243038309,1
h0,314.085,919.000247047675,1
h0,317.387,920.00023805869,1
h0,320.943,921.000242070551,1
h0,324.816,922.000246083468,1
h0,328.969,923.000237097322,1
h0,333.259,924.000241111631,1
h0,337.752,925.000245126619,1
h0,342.428,926.000236142216,1
h0,347.233,927.000240158244,1
h0,352.166,928.0002441747,1
h0,357.178,929.000235191418,1
h0,362.253,930.000239208345,1
h0,367.344,931.000243225329,1
h0,372.556,932.000247242711,1
h0,377.911,933.000238260577,1
h0,383.213,934.000242278261,1
h0,388.571,935.000246296134,1
h0,393.881,936.000237313847,1
h0,392.322,963.000241308647,1
h0,386.101,964.000245287895,1
h0,380.069,965.000236267775,1
h0,374.093,966.00024024784,1
h0,367.016,967.000244224233,1
h0,358.211,968.000235194864,1
h0,348.33,969.000239161904,1
h0,339.953,970.000243133962,1
h0,332.738,971.000247109895,1
h0,325.759,972.000238086615,1
h0,319.008,973.000242064098,1
h0,312.327,974.000246041811,1
h0,305.893,975.00023702035,1
h0,299.427,976.000240998782,1
h0,292.823,977.000244976752,1
h0,286.236,978.00023595478,1
h0,279.826,979.000239933398,1
h0,273.519,980.00024391236,1
h0,267.312,981.000234891657,1
h0,261.092,982.000238870909,1
h0,254.072,983.000242847492,1
h0,245.682,984.000246819507,1
h0,235.836,985.000237786664,1
h0,224.86,986.000241750052,1
h0,213.291,987.000245711463,1
h0,202.325,988.000236674885,1
h0,192.498,989.000240642105,1
h0,183.923,990.000244613501,1
h0,176.631,991.000235589178,1
h0,170.85,992.000239569894,1
h0,165.901,993.000243553385,1
h0,161.419,994.000234538437,1
h0,158.028,995.000238527125,1
h0,155.651,996.000242519195,1
h0,154.312,997.000246514729,1
h0,153.834,998.000237513135,1
h0,154.119,999.000241514086,1
h0,155.121,1000.000245517428,1
h0,156.796,1001.000236523015,1
h0,159.938,1002.000240533496,1
h0,165.17,1003.000244550948,1
h0,172.456,1004.00023557525,1
