h0,404.894,940.000240350582,1
h0,365.037,941.000244217632,1
h0,325.731,942.000235086521,1
h0,286.89,943.000238956963,1
h0,248.477,944.000242828831,1
h0,210.459,945.000246702015,1
h0,172.688,946.000237576026,1
h0,135.217,947.000241451035,1
h0,97.9617,948.000245326765,1
h0,60.9254,949.000236203225,1
h0,24.1352,950.000240080506,1
h0,13.2104,951.000244044065,1
h0,49.6241,952.000235165528,1
h0,86.1195,953.000239287264,1
h0,122.357,954.00024340814,1
h0,158.229,955.000234527795,1
h0,193.794,956.000238646429,1
h0,229.029,957.000242763959,1
h0,263.99,958.000246880577,1
h0,298.751,959.000237996526,1
h0,333.294,960.000242111748,1
h0,367.73,961.000246226617,1
